{
  "run_id": "hubbard-4x4",
  "domain": "condmat",
  "schema_version": 1,
  "frames": [
    {
      "tau": 0.0,
      "phase": "ground_state",
      "active_terms": [],
      "provenance_ref": "hubbard-4x4",
      "domain": "condmat",
      "lattice_sites": [
        [
          0.0,
          0.0
        ],
        [
          1.0,
          0.0
        ],
        [
          2.0,
          0.0
        ],
        [
          3.0,
          0.0
        ],
        [
          4.0,
          0.0
        ],
        [
          5.0,
          0.0
        ],
        [
          6.0,
          0.0
        ],
        [
          7.0,
          0.0
        ],
        [
          0.0,
          1.0
        ],
        [
          1.0,
          1.0
        ],
        [
          2.0,
          1.0
        ],
        [
          3.0,
          1.0
        ],
        [
          4.0,
          1.0
        ],
        [
          5.0,
          1.0
        ],
        [
          6.0,
          1.0
        ],
        [
          7.0,
          1.0
        ],
        [
          0.0,
          2.0
        ],
        [
          1.0,
          2.0
        ],
        [
          2.0,
          2.0
        ],
        [
          3.0,
          2.0
        ],
        [
          4.0,
          2.0
        ],
        [
          5.0,
          2.0
        ],
        [
          6.0,
          2.0
        ],
        [
          7.0,
          2.0
        ],
        [
          0.0,
          3.0
        ],
        [
          1.0,
          3.0
        ],
        [
          2.0,
          3.0
        ],
        [
          3.0,
          3.0
        ],
        [
          4.0,
          3.0
        ],
        [
          5.0,
          3.0
        ],
        [
          6.0,
          3.0
        ],
        [
          7.0,
          3.0
        ],
        [
          0.0,
          4.0
        ],
        [
          1.0,
          4.0
        ],
        [
          2.0,
          4.0
        ],
        [
          3.0,
          4.0
        ],
        [
          4.0,
          4.0
        ],
        [
          5.0,
          4.0
        ],
        [
          6.0,
          4.0
        ],
        [
          7.0,
          4.0
        ],
        [
          0.0,
          5.0
        ],
        [
          1.0,
          5.0
        ],
        [
          2.0,
          5.0
        ],
        [
          3.0,
          5.0
        ],
        [
          4.0,
          5.0
        ],
        [
          5.0,
          5.0
        ],
        [
          6.0,
          5.0
        ],
        [
          7.0,
          5.0
        ],
        [
          0.0,
          6.0
        ],
        [
          1.0,
          6.0
        ],
        [
          2.0,
          6.0
        ],
        [
          3.0,
          6.0
        ],
        [
          4.0,
          6.0
        ],
        [
          5.0,
          6.0
        ],
        [
          6.0,
          6.0
        ],
        [
          7.0,
          6.0
        ],
        [
          0.0,
          7.0
        ],
        [
          1.0,
          7.0
        ],
        [
          2.0,
          7.0
        ],
        [
          3.0,
          7.0
        ],
        [
          4.0,
          7.0
        ],
        [
          5.0,
          7.0
        ],
        [
          6.0,
          7.0
        ],
        [
          7.0,
          7.0
        ]
      ],
      "bond_strengths": [
        1.1,
        1.0955336489125607,
        1.082533561490968,
        1.0621609968270664,
        1.0362357754476674,
        1.0070737201667703,
        0.9772797905306914,
        0.9495153895400142,
        0.9262606284458754,
        0.909592785798294,
        0.9010007503399554,
        0.9012520230091134,
        0.9103241583665853,
        0.927406769579986,
        0.95097391786593,
        0.978920420056922,
        1.0087498983439447,
        1.037797774271298,
        1.0634692875942633,
        1.083471278483916,
        1.0960170286650366,
        1.0999858636383415,
        1.095023259195853,
        1.0815725100125357,
        1.0608351314532256,
        1.0346635317835027,
        1.005395542056265,
        0.9756455846264209,
        0.9480711345883315,
        0.9251353354402602,
        0.9088869738115323,
        0.9007774674547396,
        0.9015312144205873,
        0.9110808847374638,
        0.9285734347972799,
        0.9524463072004008,
        0.9805670093544664,
        1.0104236026865696,
        1.0393490866347892,
        1.0647596338653875,
        1.0843853958732492,
        1.096473261788661,
        1.0999434585501005,
        1.094486003815986,
        1.0805883957640452,
        1.0594920663309892,
        1.0330814877949048,
        1.0037158384790827,
        0.9740182643786246,
        0.9466415613410882,
        0.9240312087141178,
        0.9082069219585708,
        0.9005822374816185,
        0.9018382456393615,
        0.9118627509637766,
        0.9297602942497286,
        0.9539321412588637,
        0.982219092887688,
        1.0120943599928474,
        1.040889273939888,
        1.066031670824408,
        1.0852756552130873,
        1.0969022192939049,
        1.0998727967243502,
        1.0939220346696872,
        1.0795814969813944,
        1.0581321811814435,
        1.0314900907687938,
        1.0020350843331682,
        0.9723982898750533,
        0.9452270739775732,
        0.9229485604341431,
        0.9075528225085879,
        0.900415115617422,
        0.9021730298593492,
        0.9126695359906485,
        0.9309670123798428,
        0.9554309999555664,
        0.9838762035675811,
        1.0137616978941877,
        1.0424179007336998,
        1.0672850388318347,
        1.0861418048028701,
        1.0973037799028,
        1.099773898139113,
        1.0933315112063922,
        1.0785520983422907,
        1.0567558604811547,
        1.0298897906364473,
        1.000353754813491,
        0.9707861191266164,
        0.943828072411885,
        0.9218876966944888,
        0.9069248603933117,
        0.9002761491120526,
        0.9025354724279342,
        0.9135010117179809,
        0.9321932480155439,
        0.956942459522337,
        0.9855378728838277,
        1.0154251449887584,
        1.0439345348317999,
        1.0685193835263984,
        1.0869835997585209,
        1.0976778300832262,
        1.0996467907557126,
        1.0927146003831665,
        1.077500490885763,
        1.0553634933534655,
        1.0282810398462943,
        0.998672325277694,
        0.9691822079378893
      ],
      "otoc": [
        [
          0.0,
          -0.004995837495787998,
          -0.009966799462495582,
          -0.0148885033623318,
          -0.0197375320224904,
          -0.024491866240370915,
          -0.029131261245159093,
          -0.03363755443363322
        ],
        [
          0.0,
          -0.004995837495787998,
          -0.009966799462495582,
          -0.0148885033623318,
          -0.0197375320224904,
          -0.024491866240370915,
          -0.029131261245159093,
          -0.03363755443363322
        ],
        [
          0.0,
          -0.004995837495787998,
          -0.009966799462495582,
          -0.0148885033623318,
          -0.0197375320224904,
          -0.024491866240370915,
          -0.029131261245159093,
          -0.03363755443363322
        ],
        [
          0.0,
          -0.004995837495787998,
          -0.009966799462495582,
          -0.0148885033623318,
          -0.0197375320224904,
          -0.024491866240370915,
          -0.029131261245159093,
          -0.03363755443363322
        ],
        [
          0.0,
          -0.004995837495787998,
          -0.009966799462495582,
          -0.0148885033623318,
          -0.0197375320224904,
          -0.024491866240370915,
          -0.029131261245159093,
          -0.03363755443363322
        ],
        [
          0.0,
          -0.004995837495787998,
          -0.009966799462495582,
          -0.0148885033623318,
          -0.0197375320224904,
          -0.024491866240370915,
          -0.029131261245159093,
          -0.03363755443363322
        ],
        [
          0.0,
          -0.004995837495787998,
          -0.009966799462495582,
          -0.0148885033623318,
          -0.0197375320224904,
          -0.024491866240370915,
          -0.029131261245159093,
          -0.03363755443363322
        ],
        [
          0.0,
          -0.004995837495787998,
          -0.009966799462495582,
          -0.0148885033623318,
          -0.0197375320224904,
          -0.024491866240370915,
          -0.029131261245159093,
          -0.03363755443363322
        ]
      ],
      "spectral": [
        [
          0.00033546262790251185,
          0.0019304541362277093,
          0.006737946999085467,
          0.014264233908999256,
          0.01831563888873418,
          0.014264233908999256,
          0.006737946999085467,
          0.0019304541362277093
        ],
        [
          0.0019304541362277093,
          0.011108996538242306,
          0.03877420783172201,
          0.0820849986238988,
          0.10539922456186433,
          0.0820849986238988,
          0.03877420783172201,
          0.011108996538242306
        ],
        [
          0.006737946999085467,
          0.03877420783172201,
          0.1353352832366127,
          0.2865047968601901,
          0.36787944117144233,
          0.2865047968601901,
          0.1353352832366127,
          0.03877420783172201
        ],
        [
          0.014264233908999256,
          0.0820849986238988,
          0.2865047968601901,
          0.6065306597126334,
          0.7788007830714049,
          0.6065306597126334,
          0.2865047968601901,
          0.0820849986238988
        ],
        [
          0.01831563888873418,
          0.10539922456186433,
          0.36787944117144233,
          0.7788007830714049,
          1.0,
          0.7788007830714049,
          0.36787944117144233,
          0.10539922456186433
        ],
        [
          0.014264233908999256,
          0.0820849986238988,
          0.2865047968601901,
          0.6065306597126334,
          0.7788007830714049,
          0.6065306597126334,
          0.2865047968601901,
          0.0820849986238988
        ],
        [
          0.006737946999085467,
          0.03877420783172201,
          0.1353352832366127,
          0.2865047968601901,
          0.36787944117144233,
          0.2865047968601901,
          0.1353352832366127,
          0.03877420783172201
        ],
        [
          0.0019304541362277093,
          0.011108996538242306,
          0.03877420783172201,
          0.0820849986238988,
          0.10539922456186433,
          0.0820849986238988,
          0.03877420783172201,
          0.011108996538242306
        ]
      ]
    },
    {
      "tau": 1.032258064516129,
      "phase": "ground_state",
      "active_terms": [],
      "provenance_ref": "hubbard-4x4",
      "domain": "condmat",
      "lattice_sites": [
        [
          0.0,
          0.0
        ],
        [
          1.0,
          0.0
        ],
        [
          2.0,
          0.0
        ],
        [
          3.0,
          0.0
        ],
        [
          4.0,
          0.0
        ],
        [
          5.0,
          0.0
        ],
        [
          6.0,
          0.0
        ],
        [
          7.0,
          0.0
        ],
        [
          0.0,
          1.0
        ],
        [
          1.0,
          1.0
        ],
        [
          2.0,
          1.0
        ],
        [
          3.0,
          1.0
        ],
        [
          4.0,
          1.0
        ],
        [
          5.0,
          1.0
        ],
        [
          6.0,
          1.0
        ],
        [
          7.0,
          1.0
        ],
        [
          0.0,
          2.0
        ],
        [
          1.0,
          2.0
        ],
        [
          2.0,
          2.0
        ],
        [
          3.0,
          2.0
        ],
        [
          4.0,
          2.0
        ],
        [
          5.0,
          2.0
        ],
        [
          6.0,
          2.0
        ],
        [
          7.0,
          2.0
        ],
        [
          0.0,
          3.0
        ],
        [
          1.0,
          3.0
        ],
        [
          2.0,
          3.0
        ],
        [
          3.0,
          3.0
        ],
        [
          4.0,
          3.0
        ],
        [
          5.0,
          3.0
        ],
        [
          6.0,
          3.0
        ],
        [
          7.0,
          3.0
        ],
        [
          0.0,
          4.0
        ],
        [
          1.0,
          4.0
        ],
        [
          2.0,
          4.0
        ],
        [
          3.0,
          4.0
        ],
        [
          4.0,
          4.0
        ],
        [
          5.0,
          4.0
        ],
        [
          6.0,
          4.0
        ],
        [
          7.0,
          4.0
        ],
        [
          0.0,
          5.0
        ],
        [
          1.0,
          5.0
        ],
        [
          2.0,
          5.0
        ],
        [
          3.0,
          5.0
        ],
        [
          4.0,
          5.0
        ],
        [
          5.0,
          5.0
        ],
        [
          6.0,
          5.0
        ],
        [
          7.0,
          5.0
        ],
        [
          0.0,
          6.0
        ],
        [
          1.0,
          6.0
        ],
        [
          2.0,
          6.0
        ],
        [
          3.0,
          6.0
        ],
        [
          4.0,
          6.0
        ],
        [
          5.0,
          6.0
        ],
        [
          6.0,
          6.0
        ],
        [
          7.0,
          6.0
        ],
        [
          0.0,
          7.0
        ],
        [
          1.0,
          7.0
        ],
        [
          2.0,
          7.0
        ],
        [
          3.0,
          7.0
        ],
        [
          4.0,
          7.0
        ],
        [
          5.0,
          7.0
        ],
        [
          6.0,
          7.0
        ],
        [
          7.0,
          7.0
        ]
      ],
      "bond_strengths": [
        1.0994676945640796,
        1.0919800015783856,
        1.0762760089912455,
        1.053758507690034,
        1.0264389190032122,
        0.9967576204235761,
        0.9673659539548811,
        0.9408893896270093,
        0.9196930000775098,
        0.9056701956566665,
        0.900073591719959,
        0.9034031162289611,
        0.9153613526754438,
        0.9348801074122752,
        0.9602158282105692,
        0.989105350587555,
        1.0189680595495516,
        1.0471364082436332,
        1.071094201973376,
        1.0887013623772306,
        1.098385094254867,
        1.0992803786782421,
        1.0913072425561983,
        1.075177902392515,
        1.0523331441067874,
        1.02481362191925,
        0.9950775727868658,
        0.965781229417206,
        0.9395415469116123,
        0.9187024379599431,
        0.9051253981007494,
        0.9000232238688177,
        0.9038516772927299,
        0.9162687740302238,
        0.9361653318109726,
        0.9617640503853694,
        0.9907782724625777,
        1.0206162439960829,
        1.0486126278537715,
        1.0722665904459006,
        1.089465193741558,
        1.0986721377301039,
        1.0990649935256331,
        1.0906086684899547,
        1.0740585409534453,
        1.050892984518504,
        1.0231813093486177,
        0.993398916854382,
        0.9642061794578605,
        0.9382107974473788,
        0.9177348608771553,
        0.9046074241785254,
        0.9000011221749731,
        0.9043274221057515,
        0.917199868482852,
        0.9374686040087872,
        0.9633230829044117,
        0.9924538015711118,
        1.0222585996689904,
        1.0500751033501394,
        1.0734185471852578,
        1.090203730859194,
        1.0989312839048493,
        1.0988216000015008,
        1.0898844768855678,
        1.0729182411479994,
        1.0494384360975204,
        1.0215424427905324,
        0.991722127227872,
        0.9626412493863613,
        0.9368975174734226,
        0.9167905423895382,
        0.9041164203353284,
        0.9000072928871761,
        0.9048302161620114,
        0.9181543727875701,
        0.9387895555351768,
        0.9648924849867454,
        0.9941314641954492,
        1.0238946622295997,
        1.0515234212510867,
        1.074549746501906,
        1.0909167649255826,
        1.0991624595114227,
        1.0985502669198224,
        1.0891348724917262,
        1.0717573253699861,
        1.0479699100842867,
        1.0198974855972005,
        0.9900476779814271,
        0.9610868816510577,
        0.9356020782897574,
        0.9158697494816449,
        0.9036525253913162,
        0.9000417342607983,
        0.9053599173079372,
        0.9191320170800169,
        0.9401278129211708,
        0.9664718129196627,
        0.9958107860146773,
        1.0255239691184692,
        1.0529571720777,
        1.075659868574992,
        1.0916040943465752,
        1.0993655991901838,
        1.0982510709938496,
        1.0883600672420062,
        1.0705761218419112,
        1.0464878216710993,
        1.0182469028428194,
        0.9883760425274501,
        0.9595435157140392
      ],
      "otoc": [
        [
          0.07748123910938043,
          0.07540417413130612,
          0.07316449435646792,
          0.07075487434075635,
          0.06816866170531023,
          0.06540008665820045,
          0.06244448666748046,
          0.05929854133876982
        ],
        [
          0.04747068689653921,
          0.04350663463841027,
          0.039366434777511145,
          0.03506011871460834,
          0.030600259001740956,
          0.026001923100529335,
          0.021282548856461247,
          0.01646173941494548
        ],
        [
          0.03311203306551447,
          0.02858912353059073,
          0.023935143589375707,
          0.01916851570530588,
          0.014309712003354985,
          0.009380937890493858,
          0.004405748216243847,
          -0.0005913909548176458
        ],
        [
          0.02524843199873363,
          0.020511318247741512,
          0.015676115811861478,
          0.01076458148817346,
          0.005799934940405878,
          0.0008064341304493151,
          -0.00419109187824629,
          -0.009167733959876776
        ],
        [
          0.02035676264042621,
          0.015518749395302357,
          0.010605132591181376,
          0.005639172286785442,
          0.0006451523392223507,
          -0.0043520878676686645,
          -0.00932764489593744,
          -0.014257045418181869
        ],
        [
          0.01703654474182971,
          0.012144067602290807,
          0.0071918629869778955,
          0.002203944125518346,
          -0.0027949707859062337,
          -0.0077799449734842156,
          -0.012726318652833874,
          -0.017610192972072013
        ],
        [
          0.014640572414727588,
          0.009715798132525535,
          0.004742982384842782,
          -0.00025345567846482494,
          -0.005248628580629602,
          -0.010217674011495986,
          -0.015136247263278611,
          -0.01998099203072215
        ],
        [
          0.01283208952324973,
          0.007886812040214863,
          0.0029024103987755293,
          -0.00209646696797304,
          -0.007084884033748008,
          -0.012038112714680884,
          -0.016932119672552395,
          -0.021744024210220165
        ]
      ],
      "spectral": [
        [
          0.00033546262790251185,
          0.0019304541362277093,
          0.006737946999085467,
          0.014264233908999256,
          0.01831563888873418,
          0.014264233908999256,
          0.006737946999085467,
          0.0019304541362277093
        ],
        [
          0.0019304541362277093,
          0.011108996538242306,
          0.03877420783172201,
          0.0820849986238988,
          0.10539922456186433,
          0.0820849986238988,
          0.03877420783172201,
          0.011108996538242306
        ],
        [
          0.006737946999085467,
          0.03877420783172201,
          0.1353352832366127,
          0.2865047968601901,
          0.36787944117144233,
          0.2865047968601901,
          0.1353352832366127,
          0.03877420783172201
        ],
        [
          0.014264233908999256,
          0.0820849986238988,
          0.2865047968601901,
          0.6065306597126334,
          0.7788007830714049,
          0.6065306597126334,
          0.2865047968601901,
          0.0820849986238988
        ],
        [
          0.01831563888873418,
          0.10539922456186433,
          0.36787944117144233,
          0.7788007830714049,
          1.0,
          0.7788007830714049,
          0.36787944117144233,
          0.10539922456186433
        ],
        [
          0.014264233908999256,
          0.0820849986238988,
          0.2865047968601901,
          0.6065306597126334,
          0.7788007830714049,
          0.6065306597126334,
          0.2865047968601901,
          0.0820849986238988
        ],
        [
          0.006737946999085467,
          0.03877420783172201,
          0.1353352832366127,
          0.2865047968601901,
          0.36787944117144233,
          0.2865047968601901,
          0.1353352832366127,
          0.03877420783172201
        ],
        [
          0.0019304541362277093,
          0.011108996538242306,
          0.03877420783172201,
          0.0820849986238988,
          0.10539922456186433,
          0.0820849986238988,
          0.03877420783172201,
          0.011108996538242306
        ]
      ]
    },
    {
      "tau": 2.064516129032258,
      "phase": "ground_state",
      "active_terms": [],
      "provenance_ref": "hubbard-4x4",
      "domain": "condmat",
      "lattice_sites": [
        [
          0.0,
          0.0
        ],
        [
          1.0,
          0.0
        ],
        [
          2.0,
          0.0
        ],
        [
          3.0,
          0.0
        ],
        [
          4.0,
          0.0
        ],
        [
          5.0,
          0.0
        ],
        [
          6.0,
          0.0
        ],
        [
          7.0,
          0.0
        ],
        [
          0.0,
          1.0
        ],
        [
          1.0,
          1.0
        ],
        [
          2.0,
          1.0
        ],
        [
          3.0,
          1.0
        ],
        [
          4.0,
          1.0
        ],
        [
          5.0,
          1.0
        ],
        [
          6.0,
          1.0
        ],
        [
          7.0,
          1.0
        ],
        [
          0.0,
          2.0
        ],
        [
          1.0,
          2.0
        ],
        [
          2.0,
          2.0
        ],
        [
          3.0,
          2.0
        ],
        [
          4.0,
          2.0
        ],
        [
          5.0,
          2.0
        ],
        [
          6.0,
          2.0
        ],
        [
          7.0,
          2.0
        ],
        [
          0.0,
          3.0
        ],
        [
          1.0,
          3.0
        ],
        [
          2.0,
          3.0
        ],
        [
          3.0,
          3.0
        ],
        [
          4.0,
          3.0
        ],
        [
          5.0,
          3.0
        ],
        [
          6.0,
          3.0
        ],
        [
          7.0,
          3.0
        ],
        [
          0.0,
          4.0
        ],
        [
          1.0,
          4.0
        ],
        [
          2.0,
          4.0
        ],
        [
          3.0,
          4.0
        ],
        [
          4.0,
          4.0
        ],
        [
          5.0,
          4.0
        ],
        [
          6.0,
          4.0
        ],
        [
          7.0,
          4.0
        ],
        [
          0.0,
          5.0
        ],
        [
          1.0,
          5.0
        ],
        [
          2.0,
          5.0
        ],
        [
          3.0,
          5.0
        ],
        [
          4.0,
          5.0
        ],
        [
          5.0,
          5.0
        ],
        [
          6.0,
          5.0
        ],
        [
          7.0,
          5.0
        ],
        [
          0.0,
          6.0
        ],
        [
          1.0,
          6.0
        ],
        [
          2.0,
          6.0
        ],
        [
          3.0,
          6.0
        ],
        [
          4.0,
          6.0
        ],
        [
          5.0,
          6.0
        ],
        [
          6.0,
          6.0
        ],
        [
          7.0,
          6.0
        ],
        [
          0.0,
          7.0
        ],
        [
          1.0,
          7.0
        ],
        [
          2.0,
          7.0
        ],
        [
          3.0,
          7.0
        ],
        [
          4.0,
          7.0
        ],
        [
          5.0,
          7.0
        ],
        [
          6.0,
          7.0
        ],
        [
          7.0,
          7.0
        ]
      ],
      "bond_strengths": [
        1.0978764452378602,
        1.0874471251474875,
        1.0692064138071962,
        1.044783699635594,
        1.0163605909526516,
        0.9864760394058589,
        0.9577995429811887,
        0.9328926876984468,
        0.9139803287611683,
        0.9027518508674646,
        0.9002102605063522,
        0.9065825903752948,
        0.9212996192254989,
        0.9430467187007847,
        0.9698812851733503,
        0.9994062667402817,
        1.0289842847310169,
        1.0559732228892114,
        1.0779622397490316,
        1.092987121923206,
        1.0997057414349887,
        1.0975179440131293,
        1.086619159085512,
        1.0679829426504015,
        1.043274012418612,
        1.0146995435383477,
        0.9848120082127362,
        0.956281170959826,
        0.9316556064994189,
        0.9131350431636461,
        0.9023738677164018,
        0.9003333439109045,
        0.9071957456615067,
        0.9223480750577837,
        0.9444368196422092,
        0.971488857646887,
        1.001087711084624,
        1.0305894025306483,
        1.0573586337515353,
        1.079004189047818,
        1.0935925354307807,
        1.099820539365794,
        1.0971318718099032,
        1.085766703428349,
        1.0667402508643284,
        1.0417520904598305,
        1.0130343401627702,
        0.9831522710785088,
        0.9547751594420352,
        0.9304378481216683,
        0.9123143166550297,
        0.9020234861316045,
        0.9004846057933721,
        0.9078351392377741,
        0.9234184852039578,
        0.9458426298078825,
        0.9731044909968156,
        1.0027688479034207,
        1.032185871873138,
        1.0587278277660401,
        1.080023801710826,
        1.094171487779768,
        1.0999071153116908,
        1.096718337781308,
        1.0848899991884273,
        1.0654786897917874,
        1.0402183640480345,
        1.0113654516242623,
        0.9814972972560646,
        0.9532819342182858,
        0.9292397568586515,
        0.911518381277054,
        0.9017008051754891,
        0.9006640033879015,
        0.9085005903301204,
        0.924510547029922,
        0.9472637517369858,
        0.9747277284395891,
        1.0044492018935107,
        1.0337732413931262,
        1.0600804178242906,
        1.0810207894657884,
        1.0947238152845715,
        1.0999654447953018,
        1.0962774588446746,
        1.0839892942339113,
        1.06419861611045,
        1.0386732668094487,
        1.009693349763063,
        0.9798475546515734,
        0.9518019174640139,
        0.9280616714433964,
        0.9107474620623263,
        0.9014059160787491,
        0.9008714859739073,
        0.9091919107973994,
        0.9256239517800579,
        0.9486997836396481,
        0.9763581110417772,
        1.00612829797306,
        1.03535106229802,
        1.0614160215122417,
        1.0819948704371156,
        1.0952493617871646,
        1.099995511325293,
        1.0958093596484857,
        1.0830648432186212,
        1.0629003917320068,
        1.0371172355851404,
        1.0080185073279055,
        0.9782035096921973,
        0.9503355276202621
      ],
      "otoc": [
        [
          0.09683132073954964,
          0.09650389327129184,
          0.09614329485250102,
          0.09574630839915062,
          0.09530943571155508,
          0.09482887961067046,
          0.09430052646739115,
          0.09371992956684237
        ],
        [
          0.07748123910938043,
          0.07540417413130612,
          0.07316449435646792,
          0.07075487434075635,
          0.06816866170531023,
          0.06540008665820045,
          0.06244448666748046,
          0.05929854133876982
        ],
        [
          0.05968064051736304,
          0.056365363279815374,
          0.052857964819483884,
          0.04916030246032268,
          0.04527644022067981,
          0.04121281069422143,
          0.036978329283013034,
          0.03258444949077861
        ],
        [
          0.04747068689653921,
          0.04350663463841027,
          0.039366434777511145,
          0.03506011871460834,
          0.030600259001740956,
          0.026001923100529335,
          0.021282548856461247,
          0.01646173941494548
        ],
        [
          0.03909349932716808,
          0.034776870704032875,
          0.030307596155327233,
          0.025700900687990053,
          0.020974368894149335,
          0.016147734691221414,
          0.011242592831472355,
          0.006282039141521942
        ],
        [
          0.03311203306551447,
          0.02858912353059073,
          0.023935143589375707,
          0.01916851570530588,
          0.014309712003354985,
          0.009380937890493858,
          0.004405748216243847,
          -0.0005913909548176458
        ],
        [
          0.02866668487208676,
          0.024014772781349458,
          0.01924988365163902,
          0.014392457397550818,
          0.009464673152736188,
          0.0044900664733513755,
          -0.0005069081005631157,
          -0.0055013524170882434
        ],
        [
          0.02524843199873363,
          0.020511318247741512,
          0.015676115811861478,
          0.01076458148817346,
          0.005799934940405878,
          0.0008064341304493151,
          -0.00419109187824629,
          -0.009167733959876776
        ]
      ],
      "spectral": [
        [
          0.00033546262790251185,
          0.0019304541362277093,
          0.006737946999085467,
          0.014264233908999256,
          0.01831563888873418,
          0.014264233908999256,
          0.006737946999085467,
          0.0019304541362277093
        ],
        [
          0.0019304541362277093,
          0.011108996538242306,
          0.03877420783172201,
          0.0820849986238988,
          0.10539922456186433,
          0.0820849986238988,
          0.03877420783172201,
          0.011108996538242306
        ],
        [
          0.006737946999085467,
          0.03877420783172201,
          0.1353352832366127,
          0.2865047968601901,
          0.36787944117144233,
          0.2865047968601901,
          0.1353352832366127,
          0.03877420783172201
        ],
        [
          0.014264233908999256,
          0.0820849986238988,
          0.2865047968601901,
          0.6065306597126334,
          0.7788007830714049,
          0.6065306597126334,
          0.2865047968601901,
          0.0820849986238988
        ],
        [
          0.01831563888873418,
          0.10539922456186433,
          0.36787944117144233,
          0.7788007830714049,
          1.0,
          0.7788007830714049,
          0.36787944117144233,
          0.10539922456186433
        ],
        [
          0.014264233908999256,
          0.0820849986238988,
          0.2865047968601901,
          0.6065306597126334,
          0.7788007830714049,
          0.6065306597126334,
          0.2865047968601901,
          0.0820849986238988
        ],
        [
          0.006737946999085467,
          0.03877420783172201,
          0.1353352832366127,
          0.2865047968601901,
          0.36787944117144233,
          0.2865047968601901,
          0.1353352832366127,
          0.03877420783172201
        ],
        [
          0.0019304541362277093,
          0.011108996538242306,
          0.03877420783172201,
          0.0820849986238988,
          0.10539922456186433,
          0.0820849986238988,
          0.03877420783172201,
          0.011108996538242306
        ]
      ]
    },
    {
      "tau": 3.096774193548387,
      "phase": "ground_state",
      "active_terms": [],
      "provenance_ref": "hubbard-4x4",
      "domain": "condmat",
      "lattice_sites": [
        [
          0.0,
          0.0
        ],
        [
          1.0,
          0.0
        ],
        [
          2.0,
          0.0
        ],
        [
          3.0,
          0.0
        ],
        [
          4.0,
          0.0
        ],
        [
          5.0,
          0.0
        ],
        [
          6.0,
          0.0
        ],
        [
          7.0,
          0.0
        ],
        [
          0.0,
          1.0
        ],
        [
          1.0,
          1.0
        ],
        [
          2.0,
          1.0
        ],
        [
          3.0,
          1.0
        ],
        [
          4.0,
          1.0
        ],
        [
          5.0,
          1.0
        ],
        [
          6.0,
          1.0
        ],
        [
          7.0,
          1.0
        ],
        [
          0.0,
          2.0
        ],
        [
          1.0,
          2.0
        ],
        [
          2.0,
          2.0
        ],
        [
          3.0,
          2.0
        ],
        [
          4.0,
          2.0
        ],
        [
          5.0,
          2.0
        ],
        [
          6.0,
          2.0
        ],
        [
          7.0,
          2.0
        ],
        [
          0.0,
          3.0
        ],
        [
          1.0,
          3.0
        ],
        [
          2.0,
          3.0
        ],
        [
          3.0,
          3.0
        ],
        [
          4.0,
          3.0
        ],
        [
          5.0,
          3.0
        ],
        [
          6.0,
          3.0
        ],
        [
          7.0,
          3.0
        ],
        [
          0.0,
          4.0
        ],
        [
          1.0,
          4.0
        ],
        [
          2.0,
          4.0
        ],
        [
          3.0,
          4.0
        ],
        [
          4.0,
          4.0
        ],
        [
          5.0,
          4.0
        ],
        [
          6.0,
          4.0
        ],
        [
          7.0,
          4.0
        ],
        [
          0.0,
          5.0
        ],
        [
          1.0,
          5.0
        ],
        [
          2.0,
          5.0
        ],
        [
          3.0,
          5.0
        ],
        [
          4.0,
          5.0
        ],
        [
          5.0,
          5.0
        ],
        [
          6.0,
          5.0
        ],
        [
          7.0,
          5.0
        ],
        [
          0.0,
          6.0
        ],
        [
          1.0,
          6.0
        ],
        [
          2.0,
          6.0
        ],
        [
          3.0,
          6.0
        ],
        [
          4.0,
          6.0
        ],
        [
          5.0,
          6.0
        ],
        [
          6.0,
          6.0
        ],
        [
          7.0,
          6.0
        ],
        [
          0.0,
          7.0
        ],
        [
          1.0,
          7.0
        ],
        [
          2.0,
          7.0
        ],
        [
          3.0,
          7.0
        ],
        [
          4.0,
          7.0
        ],
        [
          5.0,
          7.0
        ],
        [
          6.0,
          7.0
        ],
        [
          7.0,
          7.0
        ]
      ],
      "bond_strengths": [
        1.095243192634667,
        1.0819832771151567,
        1.061400039617744,
        1.0353321194460205,
        1.0061080862721117,
        0.9763384359429305,
        0.9486824026608854,
        0.9256104175124469,
        0.9091834322167573,
        0.9008688204465919,
        0.9014093017083766,
        0.9107565964206854,
        0.9280757385854594,
        0.9518196608138757,
        0.9798673892486349,
        1.009713503841841,
        1.0386919400661103,
        1.0642141405185912,
        1.0840002830443882,
        1.0962829304597748,
        1.099964910451944,
        1.094717322714057,
        1.0810089186301042,
        1.0600642291098343,
        1.0337541808895463,
        1.0044289722188249,
        0.974708136650388,
        0.9472465479094492,
        0.9244972679307266,
        0.908492422141649,
        0.9006616757501033,
        0.9017045260093162,
        0.9115278182115023,
        0.9292540669204723,
        0.9532998391322755,
        0.9815171976295819,
        1.011385569816209,
        1.0402369029602416,
        1.0654939933984406,
        1.0849007004639222,
        1.0967234808125756,
        1.0999062406870657,
        1.0941646736268624,
        1.080011656717625,
        1.058711436808616,
        1.0321666991069007,
        1.002748605974477,
        0.9730849880563921,
        0.9458256079955628,
        0.9234054650275412,
        0.9078272837508428,
        0.9004826167031776,
        0.9020275411176503,
        0.9123240534974886,
        0.9304523970574025,
        0.9547932208579458,
        0.9831722316021042,
        1.0130544167799245,
        1.0417704897861273,
        1.066755329342747,
        1.0857771141433197,
        1.0971366848032638,
        1.0998193247071812,
        1.0935854016220314,
        1.0789917733308212,
        1.0573420451853133,
        1.030570122922417,
        1.001067462624367,
        0.9714694490692539,
        0.9444199846576365,
        0.9223353174853044,
        0.9071882050970753,
        0.9003316939306838,
        0.902378255708211,
        0.9131450771612453,
        0.9316703901956864,
        0.9562993837712037,
        0.9848320232430259,
        1.0147195729045035,
        1.043292266957008,
        1.0679977917374892,
        1.0866292762965661,
        1.097522425607818,
        1.0997041870858058,
        1.0929796704755346,
        1.0779495568185,
        1.055956441404231,
        1.0289649037316617,
        0.9993860174735024,
        0.969861976445841,
        0.9430300753036674,
        0.9212871278638699,
        0.9065753668652863,
        0.9002089501025996,
        0.9027565706244325,
        0.9139906570770233,
        0.9329077019754937,
        0.9578179020387755,
        0.9864961032840491,
        1.016380567404962,
        1.0448018042250342,
        1.0692210293047115,
        1.0874569459942138,
        1.0978805941668082,
        1.09956086037548,
        1.092347651444063,
        1.0768853018436528,
        1.054555017213292,
        1.0273514953738148,
        0.9977047459122188,
        0.9682630246624404,
        0.9416562728988815
      ],
      "otoc": [
        [
          0.09959231950155892,
          0.09954953993918214,
          0.09950228253859517,
          0.09945008106487657,
          0.09939242128363374,
          0.09932873613972937,
          0.09925840047839922,
          0.09918072527131178
        ],
        [
          0.09135189748395108,
          0.09048563654447227,
          0.08953734864608495,
          0.08850025169518616,
          0.08736720558503838,
          0.08613073669406034,
          0.0847830738648713,
          0.08331619773115549
        ],
        [
          0.07748123910938043,
          0.07540417413130612,
          0.07316449435646792,
          0.07075487434075635,
          0.06816866170531023,
          0.06540008665820045,
