{
  "run_id": "lih-631g",
  "domain": "chemistry",
  "schema_version": 1,
  "frames": [
    {
      "tau": 0.0,
      "phase": "init",
      "active_terms": [],
      "provenance_ref": "lih-631g",
      "domain": "chemistry",
      "orbitals": [
        1.4816364413634358,
        1.6374615061559636,
        1.809674836071919,
        2.0,
        1.809674836071919,
        1.6374615061559636,
        1.4816364413634358,
        1.3406400920712787
      ],
      "energy_convergence": [
        -1.138
      ],
      "slater": [
        [
          0.1,
          0.036787944117144235,
          0.013533528323661271,
          0.004978706836786395,
          0.001831563888873418,
          0.0006737946999085467,
          0.00024787521766663585,
          0.00009118819655545162
        ],
        [
          0.036787944117144235,
          0.1,
          0.036787944117144235,
          0.013533528323661271,
          0.004978706836786395,
          0.001831563888873418,
          0.0006737946999085467,
          0.00024787521766663585
        ],
        [
          0.013533528323661271,
          0.036787944117144235,
          0.1,
          0.036787944117144235,
          0.013533528323661271,
          0.004978706836786395,
          0.001831563888873418,
          0.0006737946999085467
        ],
        [
          0.004978706836786395,
          0.013533528323661271,
          0.036787944117144235,
          0.1,
          0.036787944117144235,
          0.013533528323661271,
          0.004978706836786395,
          0.001831563888873418
        ],
        [
          0.001831563888873418,
          0.004978706836786395,
          0.013533528323661271,
          0.036787944117144235,
          0.1,
          0.036787944117144235,
          0.013533528323661271,
          0.004978706836786395
        ],
        [
          0.0006737946999085467,
          0.001831563888873418,
          0.004978706836786395,
          0.013533528323661271,
          0.036787944117144235,
          0.1,
          0.036787944117144235,
          0.013533528323661271
        ],
        [
          0.00024787521766663585,
          0.0006737946999085467,
          0.001831563888873418,
          0.004978706836786395,
          0.013533528323661271,
          0.036787944117144235,
          0.1,
          0.036787944117144235
        ],
        [
          0.00009118819655545162,
          0.00024787521766663585,
          0.0006737946999085467,
          0.001831563888873418,
          0.004978706836786395,
          0.013533528323661271,
          0.036787944117144235,
          0.1
        ]
      ]
    },
    {
      "tau": 1.032258064516129,
      "phase": "init",
      "active_terms": [],
      "provenance_ref": "lih-631g",
      "domain": "chemistry",
      "orbitals": [
        1.466420797176935,
        1.6206456187012563,
        1.7910904062953434,
        1.9794610286819094,
        1.7910904062953434,
        1.6206456187012563,
        1.466420797176935,
        1.3268724078718115
      ],
      "energy_convergence": [
        -1.1378134656217445,
        -1.1378134656217445
      ],
      "slater": [
        [
          0.09496964201196476,
          0.03493737883161353,
          0.012852743400568961,
          0.004728260059721253,
          0.0017394296684835051,
          0.000639900414398739,
          0.00023540620685438243,
          0.00008660110382587918
        ],
        [
          0.03493737883161353,
          0.09496964201196476,
          0.03493737883161353,
          0.012852743400568961,
          0.004728260059721253,
          0.0017394296684835051,
          0.000639900414398739,
          0.00023540620685438243
        ],
        [
          0.012852743400568961,
          0.03493737883161353,
          0.09496964201196476,
          0.03493737883161353,
          0.012852743400568961,
          0.004728260059721253,
          0.0017394296684835051,
          0.000639900414398739
        ],
        [
          0.004728260059721253,
          0.012852743400568961,
          0.03493737883161353,
          0.09496964201196476,
          0.03493737883161353,
          0.012852743400568961,
          0.004728260059721253,
          0.0017394296684835051
        ],
        [
          0.0017394296684835051,
          0.004728260059721253,
          0.012852743400568961,
          0.03493737883161353,
          0.09496964201196476,
          0.03493737883161353,
          0.012852743400568961,
          0.004728260059721253
        ],
        [
          0.000639900414398739,
          0.0017394296684835051,
          0.004728260059721253,
          0.012852743400568961,
          0.03493737883161353,
          0.09496964201196476,
          0.03493737883161353,
          0.012852743400568961
        ],
        [
          0.00023540620685438243,
          0.000639900414398739,
          0.0017394296684835051,
          0.004728260059721253,
          0.012852743400568961,
          0.03493737883161353,
          0.09496964201196476,
          0.03493737883161353
        ],
        [
          0.00008660110382587918,
          0.00023540620685438243,
          0.000639900414398739,
          0.0017394296684835051,
          0.004728260059721253,
          0.012852743400568961,
          0.03493737883161353,
          0.09496964201196476
        ]
      ]
    },
    {
      "tau": 2.064516129032258,
      "phase": "init",
      "active_terms": [],
      "provenance_ref": "lih-631g",
      "domain": "chemistry",
      "orbitals": [
        1.4513614098302008,
        1.6040024217616093,
        1.77269682905384,
        1.9591329820352217,
        1.77269682905384,
        1.6040024217616093,
        1.4513614098302008,
        1.313246110707789
      ],
      "energy_convergence": [
        -1.1376617263177602,
        -1.1376617263177602,
        -1.1376617263177602
      ],
      "slater": [
        [
          0.09019232903880742,
          0.03317990360474732,
          0.01220620439623677,
          0.004490411652111986,
          0.0016519301292086898,
          0.0006077111327875613,
          0.0002235644319235522,
          0.00008224475828184735
        ],
        [
          0.03317990360474732,
          0.09019232903880742,
          0.03317990360474732,
          0.01220620439623677,
          0.004490411652111986,
          0.0016519301292086898,
          0.0006077111327875613,
          0.0002235644319235522
        ],
        [
          0.01220620439623677,
          0.03317990360474732,
          0.09019232903880742,
          0.03317990360474732,
          0.01220620439623677,
          0.004490411652111986,
          0.0016519301292086898,
          0.0006077111327875613
        ],
        [
          0.004490411652111986,
          0.01220620439623677,
          0.03317990360474732,
          0.09019232903880742,
          0.03317990360474732,
          0.01220620439623677,
          0.004490411652111986,
          0.0016519301292086898
        ],
        [
          0.0016519301292086898,
          0.004490411652111986,
          0.01220620439623677,
          0.03317990360474732,
          0.09019232903880742,
          0.03317990360474732,
          0.01220620439623677,
          0.004490411652111986
        ],
        [
          0.0006077111327875613,
          0.0016519301292086898,
          0.004490411652111986,
          0.01220620439623677,
          0.03317990360474732,
          0.09019232903880742,
          0.03317990360474732,
          0.01220620439623677
        ],
        [
          0.0002235644319235522,
          0.0006077111327875613,
          0.0016519301292086898,
          0.004490411652111986,
          0.01220620439623677,
          0.03317990360474732,
          0.09019232903880742,
          0.03317990360474732
        ],
        [
          0.00008224475828184735,
          0.0002235644319235522,
          0.0006077111327875613,
          0.0016519301292086898,
          0.004490411652111986,
          0.01220620439623677,
          0.03317990360474732,
          0.09019232903880742
        ]
      ]
    },
    {
      "tau": 3.096774193548387,
      "phase": "init",
      "active_terms": [],
      "provenance_ref": "lih-631g",
      "domain": "chemistry",
      "orbitals": [
        1.436456674645858,
        1.5875301418942547,
        1.7544921443900365,
        1.9390136939720484,
        1.7544921443900365,
        1.5875301418942547,
        1.436456674645858,
        1.2997597486070784
      ],
      "energy_convergence": [
        -1.1375382916105015,
        -1.1375382916105015,
        -1.1375382916105015,
        -1.1375382916105015
      ],
      "slater": [
        [
          0.08565533201040873,
          0.03151083567334352,
          0.011592188618354765,
          0.004264527870874305,
          0.0015688321299972793,
          0.0005771410872752027,
          0.00021231834066388016,
          0.00007810755251387615
        ],
        [
          0.03151083567334352,
          0.08565533201040873,
          0.03151083567334352,
          0.011592188618354765,
          0.004264527870874305,
          0.0015688321299972793,
          0.0005771410872752027,
          0.00021231834066388016
        ],
        [
          0.011592188618354765,
          0.03151083567334352,
          0.08565533201040873,
          0.03151083567334352,
          0.011592188618354765,
          0.004264527870874305,
          0.0015688321299972793,
          0.0005771410872752027
        ],
        [
          0.004264527870874305,
          0.011592188618354765,
          0.03151083567334352,
          0.08565533201040873,
          0.03151083567334352,
          0.011592188618354765,
          0.004264527870874305,
          0.0015688321299972793
        ],
        [
          0.0015688321299972793,
          0.004264527870874305,
          0.011592188618354765,
          0.03151083567334352,
          0.08565533201040873,
          0.03151083567334352,
          0.011592188618354765,
          0.004264527870874305
        ],
        [
          0.0005771410872752027,
          0.0015688321299972793,
          0.004264527870874305,
          0.011592188618354765,
          0.03151083567334352,
          0.08565533201040873,
          0.03151083567334352,
          0.011592188618354765
        ],
        [
          0.00021231834066388016,
          0.0005771410872752027,
          0.0015688321299972793,
          0.004264527870874305,
          0.011592188618354765,
          0.03151083567334352,
          0.08565533201040873,
          0.03151083567334352
        ],
        [
          0.00007810755251387615,
          0.00021231834066388016,
          0.0005771410872752027,
          0.0015688321299972793,
          0.004264527870874305,
          0.011592188618354765,
          0.03151083567334352,
          0.08565533201040873
        ]
      ]
    },
    {
      "tau": 4.129032258064516,
      "phase": "init",
      "active_terms": [],
      "provenance_ref": "lih-631g",
      "domain": "chemistry",
      "orbitals": [
        1.4217050034257426,
        1.5712270238687696,
        1.7364744124743157,
        1.9191010206491101,
        1.7364744124743157,
        1.5712270238687696,
        1.4217050034257426,
        1.286411884508554
      ],
      "energy_convergence": [
        -1.1374378817196162,
        -1.1374378817196162,
        -1.1374378817196162,
        -1.1374378817196162,
        -1.1374378817196162
      ],
      "slater": [
        [
          0.08134656217444503,
          0.029925727833952823,
          0.011009060032203241,
          0.004050006852469789,
          0.0014899142576270986,
          0.0005481088244892214,
          0.00020163796805423091,
          0.00007417846300673562
        ],
        [
          0.029925727833952823,
          0.08134656217444503,
          0.029925727833952823,
          0.011009060032203241,
          0.004050006852469789,
          0.0014899142576270986,
          0.0005481088244892214,
          0.00020163796805423091
        ],
        [
          0.011009060032203241,
          0.029925727833952823,
          0.08134656217444503,
          0.029925727833952823,
          0.011009060032203241,
          0.004050006852469789,
          0.0014899142576270986,
          0.0005481088244892214
        ],
        [
          0.004050006852469789,
          0.011009060032203241,
          0.029925727833952823,
          0.08134656217444503,
          0.029925727833952823,
          0.011009060032203241,
          0.004050006852469789,
          0.0014899142576270986
        ],
        [
          0.0014899142576270986,
          0.004050006852469789,
          0.011009060032203241,
          0.029925727833952823,
          0.08134656217444503,
          0.029925727833952823,
          0.011009060032203241,
          0.004050006852469789
        ],
        [
          0.0005481088244892214,
          0.0014899142576270986,
          0.004050006852469789,
          0.011009060032203241,
          0.029925727833952823,
          0.08134656217444503,
          0.029925727833952823,
          0.011009060032203241
        ],
        [
          0.00020163796805423091,
          0.0005481088244892214,
          0.0014899142576270986,
          0.004050006852469789,
          0.011009060032203241,
          0.029925727833952823,
          0.08134656217444503,
          0.029925727833952823
        ],
        [
          0.00007417846300673562,
          0.00020163796805423091,
          0.0005481088244892214,
          0.0014899142576270986,
          0.004050006852469789,
          0.011009060032203241,
          0.029925727833952823,
          0.08134656217444503
        ]
      ]
    },
    {
      "tau": 5.161290322580645,
      "phase": "init",
      "active_terms": [],
      "provenance_ref": "lih-631g",
      "domain": "chemistry",
      "orbitals": [
        1.4071048242816688,
        1.5550913304800449,
        1.7186417133981116,
        1.899392840239295,
        1.7186417133981116,
        1.5550913304800449,
        1.4071048242816688,
        1.273201096108968
      ],
      "energy_convergence": [
        -1.1373562017252983,
        -1.1373562017252983,
        -1.1373562017252983,
        -1.1373562017252983,
        -1.1373562017252983,
        -1.1373562017252983
      ],
      "slater": [
        [
          0.07725453888611078,
          0.028420356593379888,
          0.010455264901465713,
          0.003846277009250601,
          0.0014149662367536776,
          0.0005205369884534017,
          0.00019149485642130294,
          0.0000704470207674745
        ],
        [
          0.028420356593379888,
          0.07725453888611078,
          0.028420356593379888,
          0.010455264901465713,
          0.003846277009250601,
          0.0014149662367536776,
          0.0005205369884534017,
          0.00019149485642130294
        ],
        [
          0.010455264901465713,
          0.028420356593379888,
          0.07725453888611078,
          0.028420356593379888,
          0.010455264901465713,
          0.003846277009250601,
          0.0014149662367536776,
          0.0005205369884534017
        ],
        [
          0.003846277009250601,
          0.010455264901465713,
          0.028420356593379888,
          0.07725453888611078,
          0.028420356593379888,
          0.010455264901465713,
          0.003846277009250601,
          0.0014149662367536776
        ],
        [
          0.0014149662367536776,
          0.003846277009250601,
          0.010455264901465713,
          0.028420356593379888,
          0.07725453888611078,
          0.028420356593379888,
          0.010455264901465713,
          0.003846277009250601
        ],
        [
          0.0005205369884534017,
          0.0014149662367536776,
          0.003846277009250601,
          0.010455264901465713,
          0.028420356593379888,
          0.07725453888611078,
          0.028420356593379888,
          0.010455264901465713
        ],
        [
          0.00019149485642130294,
          0.0005205369884534017,
          0.0014149662367536776,
          0.003846277009250601,
          0.010455264901465713,
          0.028420356593379888,
          0.07725453888611078,
          0.028420356593379888
        ],
        [
          0.0000704470207674745,
          0.00019149485642130294,
          0.0005205369884534017,
          0.0014149662367536776,
          0.003846277009250601,
          0.010455264901465713,
          0.028420356593379888,
          0.07725453888611078
        ]
      ]
    },
    {
      "tau": 6.193548387096774,
      "phase": "init",
      "active_terms": [],
      "provenance_ref": "lih-631g",
      "domain": "chemistry",
      "orbitals": [
        1.392654581467935,
        1.5391213423631744,
        1.7009921469693328,
        1.8798870527055644,
        1.7009921469693328,
        1.5391213423631744,
        1.392654581467935,
        1.2601259757113963
      ],
      "energy_convergence": [
        -1.1372897578579362,
        -1.1372897578579362,
        -1.1372897578579362,
        -1.1372897578579362,
        -1.1372897578579362,
        -1.1372897578579362,
        -1.1372897578579362
      ],
      "slater": [
        [
          0.0733683590181335,
          0.026990710915256705,
          0.009929327648324585,
          0.0036527955064738003,
          0.0013437883696351372,
          0.0004943521144740578,
          0.00018186197961463728,
          0.000066903283430965
        ],
        [
          0.026990710915256705,
          0.0733683590181335,
          0.026990710915256705,
          0.009929327648324585,
          0.0036527955064738003,
          0.0013437883696351372,
          0.0004943521144740578,
          0.00018186197961463728
        ],
        [
          0.009929327648324585,
          0.026990710915256705,
          0.0733683590181335,
          0.026990710915256705,
          0.009929327648324585,
          0.0036527955064738003,
          0.0013437883696351372,
          0.0004943521144740578
        ],
        [
          0.0036527955064738003,
          0.009929327648324585,
          0.026990710915256705,
          0.0733683590181335,
          0.026990710915256705,
          0.009929327648324585,
          0.0036527955064738003,
          0.0013437883696351372
        ],
        [
          0.0013437883696351372,
          0.0036527955064738003,
          0.009929327648324585,
          0.026990710915256705,
          0.0733683590181335,
          0.026990710915256705,
          0.009929327648324585,
          0.0036527955064738003
        ],
        [
          0.0004943521144740578,
          0.0013437883696351372,
          0.0036527955064738003,
          0.009929327648324585,
          0.026990710915256705,
          0.0733683590181335,
          0.026990710915256705,
          0.009929327648324585
        ],
        [
          0.00018186197961463728,
          0.0004943521144740578,
          0.0013437883696351372,
          0.0036527955064738003,
          0.009929327648324585,
          0.026990710915256705,
          0.0733683590181335,
          0.026990710915256705
        ],
        [
          0.000066903283430965,
          0.00018186197961463728,
          0.0004943521144740578,
          0.0013437883696351372,
          0.0036527955064738003,
          0.009929327648324585,
          0.026990710915256705,
          0.0733683590181335
        ]
      ]
    },
    {
      "tau": 7.225806451612903,
      "phase": "init",
      "active_terms": [],
      "provenance_ref": "lih-631g",
      "domain": "chemistry",
      "orbitals": [
        1.3783527352155462,
        1.5233153578102454,
        1.6835238325098827,
        1.8605815795771798,
        1.6835238325098827,
        1.5233153578102454,
        1.3783527352155462,
        1.2471851300752377
      ],
      "energy_convergence": [
        -1.1372357080560613,
        -1.1372357080560613,
        -1.1372357080560613,
        -1.1372357080560613,
        -1.1372357080560613,
        -1.1372357080560613,
        -1.1372357080560613,
        -1.1372357080560613
      ],
      "slater": [
        [
          0.06967766790957444,
          0.02563298153270359,
          0.009429846921808897,
          0.0034690468159273022,
          0.0012761910040409072,
          0.0004694844333945909,
          0.0001727136709958933,
          0.00006353780876863758
        ],
        [
          0.02563298153270359,
          0.06967766790957444,
          0.02563298153270359,
          0.009429846921808897,
          0.0034690468159273022,
          0.0012761910040409072,
          0.0004694844333945909,
          0.0001727136709958933
        ],
        [
          0.009429846921808897,
          0.02563298153270359,
          0.06967766790957444,
          0.02563298153270359,
          0.009429846921808897,
          0.0034690468159273022,
          0.0012761910040409072,
          0.0004694844333945909
        ],
        [
          0.0034690468159273022,
          0.009429846921808897,
          0.02563298153270359,
          0.06967766790957444,
          0.02563298153270359,
          0.009429846921808897,
          0.0034690468159273022,
          0.0012761910040409072
        ],
        [
          0.0012761910040409072,
          0.0034690468159273022,
          0.009429846921808897,
          0.02563298153270359,
          0.06967766790957444,
          0.02563298153270359,
          0.009429846921808897,
          0.0034690468159273022
        ],
        [
          0.0004694844333945909,
          0.0012761910040409072,
          0.0034690468159273022,
          0.009429846921808897,
          0.02563298153270359,
          0.06967766790957444,
          0.02563298153270359,
          0.009429846921808897
        ],
        [
          0.0001727136709958933,
          0.0004694844333945909,
          0.0012761910040409072,
          0.0034690468159273022,
          0.009429846921808897,
          0.02563298153270359,
          0.06967766790957444,
          0.02563298153270359
        ],
        [
          0.00006353780876863758,
          0.0001727136709958933,
          0.0004694844333945909,
          0.0012761910040409072,
          0.0034690468159273022,
          0.009429846921808897,
          0.02563298153270359,
          0.06967766790957444
        ]
      ]
    },
    {
      "tau": 8.258064516129032,
      "phase": "init",
      "active_terms": [],
      "provenance_ref": "lih-631g",
      "domain": "chemistry",
      "orbitals": [
        1.3641977615681444,
        1.5076716925890097,
        1.6662349086552615,
        1.8414743637282283,
        1.6662349086552615,
        1.5076716925890097,
        1.3641977615681444,
        1.2343771802677554
      ],
      "energy_convergence": [
        -1.1371917404003742,
        -1.1371917404003742,
        -1.1371917404003742,
        -1.1371917404003742,
        -1.1371917404003742,
        -1.1371917404003742,
        -1.1371917404003742,
        -1.1371917404003742,
        -1.1371917404003742
      ],
      "slater": [
        [
          0.0661726317760085,
          0.024343550798601635,
          0.008955491863918185,
          0.00329454134231362,
          0.0012119940279265483,
          0.000445867685696744,
          0.00016402555505052246,
          0.00006034162952982185
        ],
        [
          0.024343550798601635,
          0.0661726317760085,
          0.024343550798601635,
          0.008955491863918185,
          0.00329454134231362,
          0.0012119940279265483,
          0.000445867685696744,
          0.00016402555505052246
        ],
        [
          0.008955491863918185,
          0.024343550798601635,
          0.0661726317760085,
          0.024343550798601635,
          0.008955491863918185,
          0.00329454134231362,
          0.0012119940279265483,
          0.000445867685696744
        ],
        [
          0.00329454134231362,
          0.008955491863918185,
          0.024343550798601635,
          0.0661726317760085,
          0.024343550798601635,
          0.008955491863918185,
          0.00329454134231362,
          0.0012119940279265483
        ],
        [
          0.0012119940279265483,
          0.00329454134231362,
          0.008955491863918185,
          0.024343550798601635,
          0.0661726317760085,
          0.024343550798601635,
          0.008955491863918185,
          0.00329454134231362
        ],
        [
          0.000445867685696744,
          0.0012119940279265483,
          0.00329454134231362,
          0.008955491863918185,
          0.024343550798601635,
          0.0661726317760085,
          0.024343550798601635,
          0.008955491863918185
        ],
        [
          0.00016402555505052246,
          0.000445867685696744,
          0.0012119940279265483,
          0.00329454134231362,
          0.008955491863918185,
          0.024343550798601635,
          0.0661726317760085,
          0.024343550798601635
        ],
        [
          0.00006034162952982185,
          0.00016402555505052246,
          0.000445867685696744,
          0.0012119940279265483,
          0.00329454134231362,
          0.008955491863918185,
          0.024343550798601635,
          0.0661726317760085
        ]
      ]
    },
    {
      "tau": 9.29032258064516,
      "phase": "init",
      "active_terms": [],
      "provenance_ref": "lih-631g",
      "domain": "chemistry",
      "orbitals": [
        1.3501881522196189,
        1.4921886797634185,
        1.6491235331562257,
        1.8225633691584218,
        1.6491235331562257,
        1.4921886797634185,
        1.3501881522196189,
        1.2217007615171431
      ],
      "energy_convergence": [
        -1.1371559742240038,
        -1.1371559742240038,
        -1.1371559742240038,
        -1.1371559742240038,
        -1.1371559742240038,
        -1.1371559742240038,
        -1.1371559742240038,
        -1.1371559742240038,
        -1.1371559742240038,
        -1.1371559742240038
      ],
      "slater": [
        [
          0.0628439115075709,
          0.02311898304643276,
          0.008504998563573733,
          0.0031288141187314246,
          0.0011510263895282346,
          0.00042343894495322986,
          0.00015577448243961933,
          0.00005730622954865782
        ],
        [
          0.02311898304643276,
          0.0628439115075709,
          0.02311898304643276,
          0.008504998563573733,
          0.0031288141187314246,
          0.0011510263895282346,
          0.00042343894495322986,
          0.00015577448243961933
        ],
        [
          0.008504998563573733,
          0.02311898304643276,
          0.0628439115075709,
          0.02311898304643276,
          0.008504998563573733,
          0.0031288141187314246,
          0.0011510263895282346,
          0.00042343894495322986
        ],
        [
          0.0031288141187314246,
          0.008504998563573733,
          0.02311898304643276,
          0.0628439115075709,
          0.02311898304643276,
          0.008504998563573733,
          0.0031288141187314246,
          0.0011510263895282346
        ],
        [
          0.0011510263895282346,
          0.0031288141187314246,
          0.008504998563573733,
          0.02311898304643276,
          0.0628439115075709,
          0.02311898304643276,
          0.008504998563573733,
          0.0031288141187314246
        ],
        [
          0.00042343894495322986,
          0.0011510263895282346,
          0.0031288141187314246,
          0.008504998563573733,
          0.02311898304643276,
          0.0628439115075709,
          0.02311898304643276,
          0.008504998563573733
        ],
        [
          0.00015577448243961933,
          0.00042343894495322986,
          0.0011510263895282346,
          0.0031288141187314246,
          0.008504998563573733,
          0.02311898304643276,
          0.0628439115075709,
          0.02311898304643276
        ],
        [
          0.00005730622954865782,
          0.00015577448243961933,
          0.00042343894495322986,
          0.0011510263895282346,
          0.0031288141187314246,
          0.008504998563573733,
          0.02311898304643276,
          0.0628439115075709
        ]
      ]
    },
    {
      "tau": 10.32258064516129,
      "phase": "init",
      "active_terms": [],
      "provenance_ref": "lih-631g",
      "domain": "chemistry",
      "orbitals": [
        1.3363224143533867,
        1.4768646695159984,
        1.6321878826824838,
        1.8038465807761481,
        1.6321878826824838,
        1.4768646695159984,
        1.3363224143533867,
        1.2091545230670981
      ],
      "energy_convergence": [
        -1.1371268796691054,
        -1.1371268796691054,
        -1.1371268796691054,
        -1.1371268796691054,
        -1.1371268796691054,
        -1.1371268796691054,
        -1.1371268796691054,
        -1.1371268796691054,
        -1.1371268796691054,
        -1.1371268796691054,
        -1.1371268796691054
      ],
      "slater": [
        [
          0.059682637785056,
          0.021956015436004013,
          0.008077166688948718,
          0.0029714235677790433,
          0.0010931256415982083,
          0.0004021384501613232,
          0.0001479384683188975,
          0.00005442352105291513
        ],
        [
          0.021956015436004013,
          0.059682637785056,
          0.021956015436004013,
          0.008077166688948718,
          0.0029714235677790433,
          0.0010931256415982083,
          0.0004021384501613232,
          0.0001479384683188975
        ],
        [
          0.008077166688948718,
          0.021956015436004013,
          0.059682637785056,
          0.021956015436004013,
          0.008077166688948718,
          0.0029714235677790433,
          0.0010931256415982083,
          0.0004021384501613232
        ],
        [
          0.0029714235677790433,
          0.008077166688948718,
          0.021956015436004013,
          0.059682637785056,
          0.021956015436004013,
          0.008077166688948718,
          0.0029714235677790433,
          0.0010931256415982083
        ],
        [
          0.0010931256415982083,
          0.0029714235677790433,
          0.008077166688948718,
          0.021956015436004013,
          0.059682637785056,
          0.021956015436004013,
          0.008077166688948718,
          0.0029714235677790433
        ],
        [
          0.0004021384501613232,
          0.0010931256415982083,
          0.0029714235677790433,
          0.008077166688948718,
          0.021956015436004013,
          0.059682637785056,
          0.021956015436004013,
          0.008077166688948718
        ],
        [
          0.0001479384683188975,
          0.0004021384501613232,
          0.0010931256415982083,
          0.0029714235677790433,
          0.008077166688948718,
          0.021956015436004013,
          0.059682637785056,
          0.021956015436004013
        ],
        [
          0.00005442352105291513,
          0.0001479384683188975,
          0.0004021384501613232,
          0.0010931256415982083,
          0.0029714235677790433,
          0.008077166688948718,
          0.021956015436004013,
          0.059682637785056
        ]
      ]
    },
    {
      "tau": 11.35483870967742,
      "phase": "iter",
      "active_terms": [],
      "provenance_ref": "lih-631g",
      "domain": "chemistry",
      "orbitals": [
        1.322599070483324,
        1.4616980289720531,
        1.6154261526284086,
        1.7853220041837496,
        1.6154261526284086,
        1.4616980289720531,
        1.322599070483324,
        1.196737128032891
      ],
      "energy_convergence": [
        -1.1371032122489155,
        -1.1371032122489155,
        -1.1371032122489155,
        -1.1371032122489155,
        -1.1371032122489155,
        -1.1371032122489155,
        -1.1371032122489155,
        -1.1371032122489155,
        -1.1371032122489155,
        -1.1371032122489155,
        -1.1371032122489155,
        -1.1371032122489155
      ],
      "slater": [
        [
          0.0566803874477653,
          0.02085154925966473,
          0.007670856289204263,
          0.002821950324978908,
          0.0010381375085668112,
          0.0003819094465106719,
          0.00014049663376044082,
          0.000051685823114259766
        ],
        [
          0.02085154925966473,
          0.0566803874477653,
          0.02085154925966473,
          0.007670856289204263,
          0.002821950324978908,
          0.0010381375085668112,
          0.0003819094465106719,
          0.00014049663376044082
        ],
        [
          0.007670856289204263,
          0.02085154925966473,
          0.0566803874477653,
          0.02085154925966473,
          0.007670856289204263,
          0.002821950324978908,
          0.0010381375085668112,
          0.0003819094465106719
        ],
        [
          0.002821950324978908,
          0.007670856289204263,
          0.02085154925966473,
          0.0566803874477653,
          0.02085154925966473,
          0.007670856289204263,
          0.002821950324978908,
          0.0010381375085668112
        ],
        [
          0.0010381375085668112,
          0.002821950324978908,
          0.007670856289204263,
          0.02085154925966473,
          0.0566803874477653,
          0.02085154925966473,
          0.007670856289204263,
          0.002821950324978908
        ],
        [
          0.0003819094465106719,
          0.0010381375085668112,
          0.002821950324978908,
          0.007670856289204263,
          0.02085154925966473,
          0.0566803874477653,
          0.02085154925966473,
          0.007670856289204263
        ],
        [
          0.00014049663376044082,
          0.0003819094465106719,
          0.0010381375085668112,
          0.002821950324978908,
          0.007670856289204263,
          0.02085154925966473,
          0.0566803874477653,
          0.02085154925966473
        ],
        [
          0.000051685823114259766,
          0.00014049663376044082,
          0.0003819094465106719,
          0.0010381375085668112,
          0.002821950324978908,
          0.007670856289204263,
          0.02085154925966473,
          0.0566803874477653
        ]
      ]
    },
    {
      "tau": 12.387096774193548,
      "phase": "iter",
      "active_terms": [],
      "provenance_ref": "lih-631g",
      "domain": "chemistry",
      "orbitals": [
        1.3090166582963287,
        1.4466871420256702,
        1.5988365569207446,
        1.7669876654650067,
        1.5988365569207446,
        1.4466871420256702,
        1.3090166582963287,
        1.18444725325891
      ],
      "energy_convergence": [
        -1.1370839596162359,
        -1.1370839596162359,
        -1.1370839596162359,
        -1.1370839596162359,
        -1.1370839596162359,
        -1.1370839596162359,
        -1.1370839596162359,
        -1.1370839596162359,
        -1.1370839596162359,
        -1.1370839596162359,
        -1.1370839596162359,
        -1.1370839596162359,
        -1.1370839596162359
      ],
      "slater": [
        [
          0.05382916105013731,
          0.019802641685852083,
          0.007284984757109574,
          0.0026799961213879457,
          0.0009859154754778303,
          0.0003626980341610611,
          0.00013342915012115182,
          0.000049085841182549826
        ],
        [
          0.019802641685852083,
          0.05382916105013731,
          0.019802641685852083,
          0.007284984757109574,
          0.0026799961213879457,
          0.0009859154754778303,
          0.0003626980341610611,
          0.00013342915012115182
        ],
        [
          0.007284984757109574,
          0.019802641685852083,
          0.05382916105013731,
          0.019802641685852083,
          0.007284984757109574,
          0.0026799961213879457,
          0.0009859154754778303,
          0.0003626980341610611
        ],
        [
          0.0026799961213879457,
          0.007284984757109574,
          0.019802641685852083,
          0.05382916105013731,
          0.019802641685852083,
          0.007284984757109574,
          0.0026799961213879457,
          0.0009859154754778303
        ],
        [
          0.0009859154754778303,
          0.0026799961213879457,
          0.007284984757109574,
          0.019802641685852083,
          0.05382916105013731,
          0.019802641685852083,
          0.007284984757109574,
          0.0026799961213879457
        ],
        [
          0.0003626980341610611,
          0.0009859154754778303,
          0.0026799961213879457,
          0.007284984757109574,
          0.019802641685852083,
          0.05382916105013731,
          0.019802641685852083,
          0.007284984757109574
        ],
        [
          0.00013342915012115182,
          0.0003626980341610611,
          0.0009859154754778303,
          0.0026799961213879457,
          0.007284984757109574,
          0.019802641685852083,
          0.05382916105013731,
          0.019802641685852083
        ],
        [
          0.000049085841182549826,
          0.00013342915012115182,
          0.0003626980341610611,
          0.0009859154754778303,
          0.0026799961213879457,
          0.007284984757109574,
          0.019802641685852083,
          0.05382916105013731
        ]
      ]
    },
    {
      "tau": 13.419354838709676,
      "phase": "iter",
      "active_terms": [],
      "provenance_ref": "lih-631g",
      "domain": "chemistry",
      "orbitals": [
        1.2955737304965034,
        1.4318304091675123,
        1.5824173278282898,
        1.7488416109748042,
        1.5824173278282898,
        1.4318304091675123,
        1.2955737304965034,
        1.1722835891776722
      ],
      "energy_convergence": [
        -1.1370682982614226,
        -1.1370682982614226,
        -1.1370682982614226,
        -1.1370682982614226,
        -1.1370682982614226,
        -1.1370682982614226,
        -1.1370682982614226,
        -1.1370682982614226,
        -1.1370682982614226,
        -1.1370682982614226,
        -1.1370682982614226,
        -1.1370682982614226,
        -1.1370682982614226,
        -1.1370682982614226
      ],
      "slater": [
        [
          0.05112136154735937,
          0.018806497917965827,
          0.006918523944453162,
          0.002545182722416672,
          0.0009363203976018556,
          0.0003444530246271933,
          0.00012671718620966492,
          0.00004661664764962913
        ],
        [
          0.018806497917965827,
          0.05112136154735937,
          0.018806497917965827,
          0.006918523944453162,
          0.002545182722416672,
          0.0009363203976018556,
          0.0003444530246271933,
          0.00012671718620966492
        ],
        [
          0.006918523944453162,
          0.018806497917965827,
          0.05112136154735937,
          0.018806497917965827,
          0.006918523944453162,
          0.002545182722416672,
          0.0009363203976018556,
          0.0003444530246271933
        ],
        [
          0.002545182722416672,
          0.006918523944453162,
          0.018806497917965827,
          0.05112136154735937,
          0.018806497917965827,
          0.006918523944453162,
          0.002545182722416672,
          0.0009363203976018556
        ],
        [
          0.0009363203976018556,
          0.002545182722416672,
          0.006918523944453162,
          0.018806497917965827,
          0.05112136154735937,
          0.018806497917965827,
          0.006918523944453162,
          0.002545182722416672
        ],
        [
          0.0003444530246271933,
          0.0009363203976018556,
          0.002545182722416672,
          0.006918523944453162,
          0.018806497917965827,
          0.05112136154735937,
          0.018806497917965827,
