{
  "run_id": "rydberg-mis",
  "domain": "amo",
  "schema_version": 1,
  "frames": [
    {
      "tau": 0.0,
      "phase": "loading",
      "active_terms": [],
      "provenance_ref": "rydberg-mis",
      "domain": "amo",
      "atom_positions": [
        [
          0.0,
          0.0,
          0.0
        ],
        [
          5.0,
          0.0,
          0.0
        ],
        [
          10.0,
          0.0,
          0.0
        ],
        [
          15.0,
          0.0,
          0.0
        ],
        [
          20.0,
          0.0,
          0.0
        ]
      ],
      "blockade_radii": [
        4.0,
        4.0841470984807895,
        4.090929742682568,
        4.014112000805986,
        3.9243197504692073
      ],
      "correlations": [
        [
          1.0,
          0.36787944117144233,
          0.1353352832366127,
          0.049787068367863944,
          0.01831563888873418
        ],
        [
          0.36787944117144233,
          1.0,
          0.36787944117144233,
          0.1353352832366127,
          0.049787068367863944
        ],
        [
          0.1353352832366127,
          0.36787944117144233,
          1.0,
          0.36787944117144233,
          0.1353352832366127
        ],
        [
          0.049787068367863944,
          0.1353352832366127,
          0.36787944117144233,
          1.0,
          0.36787944117144233
        ],
        [
          0.01831563888873418,
          0.049787068367863944,
          0.1353352832366127,
          0.36787944117144233,
          1.0
        ]
      ]
    },
    {
      "tau": 1.032258064516129,
      "phase": "loading",
      "active_terms": [],
      "provenance_ref": "rydberg-mis",
      "domain": "amo",
      "atom_positions": [
        [
          0.0,
          0.0,
          0.0
        ],
        [
          5.0,
          0.0,
          0.0
        ],
        [
          10.0,
          0.0,
          0.0
        ],
        [
          15.0,
          0.0,
          0.0
        ],
        [
          20.0,
          0.0,
          0.0
        ]
      ],
      "blockade_radii": [
        4.010304258251179,
        4.08926659339478,
        4.0861576342452075,
        4.003835743506879,
        3.9179872878777635
      ],
      "correlations": [
        [
          0.9496964201196475,
          0.3493737883161353,
          0.1285274340056896,
          0.047282600597212524,
          0.01739429668483505
        ],
        [
          0.3493737883161353,
          0.9496964201196475,
          0.3493737883161353,
          0.1285274340056896,
          0.047282600597212524
        ],
        [
          0.1285274340056896,
          0.3493737883161353,
          0.9496964201196475,
          0.3493737883161353,
          0.1285274340056896
        ],
        [
          0.047282600597212524,
          0.1285274340056896,
          0.3493737883161353,
          0.9496964201196475,
          0.3493737883161353
        ],
        [
          0.01739429668483505,
          0.047282600597212524,
          0.1285274340056896,
          0.3493737883161353,
          0.9496964201196475
        ]
      ]
    },
    {
      "tau": 2.064516129032258,
      "phase": "loading",
      "active_terms": [],
      "provenance_ref": "rydberg-mis",
      "domain": "amo",
      "atom_positions": [
        [
          0.0,
          0.0,
          0.0
        ],
        [
          5.0,
          0.0,
          0.0
        ],
        [
          10.0,
          0.0,
          0.0
        ],
        [
          15.0,
          0.0,
          0.0
        ],
        [
          20.0,
          0.0,
          0.0
        ]
      ],
      "blockade_radii": [
        4.020498816248754,
        4.0934357464505675,
        4.080468282266751,
        3.9935186504653806,
        3.9125279415358647
      ],
      "correlations": [
        [
          0.9019232903880741,
          0.3317990360474732,
          0.12206204396236771,
          0.044904116521119856,
          0.016519301292086896
        ],
        [
          0.3317990360474732,
          0.9019232903880741,
          0.3317990360474732,
          0.12206204396236771,
          0.044904116521119856
        ],
        [
          0.12206204396236771,
          0.3317990360474732,
          0.9019232903880741,
          0.3317990360474732,
          0.12206204396236771
        ],
        [
          0.044904116521119856,
          0.12206204396236771,
          0.3317990360474732,
          0.9019232903880741,
          0.3317990360474732
        ],
        [
          0.016519301292086896,
          0.044904116521119856,
          0.12206204396236771,
          0.3317990360474732,
          0.9019232903880741
        ]
      ]
    },
    {
      "tau": 3.096774193548387,
      "phase": "loading",
      "active_terms": [],
      "provenance_ref": "rydberg-mis",
      "domain": "amo",
      "atom_positions": [
        [
          0.0,
          0.0,
          0.0
        ],
        [
          5.0,
          0.0,
          0.0
        ],
        [
          10.0,
          0.0,
          0.0
        ],
        [
          15.0,
          0.0,
          0.0
        ],
        [
          20.0,
          0.0,
          0.0
        ]
      ],
      "blockade_radii": [
        4.030475141619945,
        4.096610172391456,
        4.073922256206899,
        3.9832705585756703,
        3.907999832238198
      ],
      "correlations": [
        [
          0.8565533201040872,
          0.3151083567334352,
          0.11592188618354764,
          0.042645278708743045,
          0.01568832129997279
        ],
        [
          0.3151083567334352,
          0.8565533201040872,
          0.3151083567334352,
          0.11592188618354764,
          0.042645278708743045
        ],
        [
          0.11592188618354764,
          0.3151083567334352,
          0.8565533201040872,
          0.3151083567334352,
          0.11592188618354764
        ],
        [
          0.042645278708743045,
          0.11592188618354764,
          0.3151083567334352,
          0.8565533201040872,
          0.3151083567334352
        ],
        [
          0.01568832129997279,
          0.042645278708743045,
          0.11592188618354764,
          0.3151083567334352,
          0.8565533201040872
        ]
      ]
    },
    {
      "tau": 4.129032258064516,
      "phase": "loading",
      "active_terms": [],
      "provenance_ref": "rydberg-mis",
      "domain": "amo",
      "atom_positions": [
        [
          0.0,
          0.0,
          0.0
        ],
        [
          5.0,
          0.0,
          0.0
        ],
        [
          10.0,
          0.0,
          0.0
        ],
        [
          15.0,
          0.0,
          0.0
        ],
        [
          20.0,
          0.0,
          0.0
        ]
      ],
      "blockade_radii": [
        4.040127025320242,
        4.0987560759337605,
        4.066589245770758,
        3.973200570138161,
        3.9044511667286357
      ],
      "correlations": [
        [
          0.8134656217444501,
          0.2992572783395282,
          0.1100906003220324,
          0.04050006852469789,
          0.014899142576270986
        ],
        [
          0.2992572783395282,
          0.8134656217444501,
          0.2992572783395282,
          0.1100906003220324,
          0.04050006852469789
        ],
        [
          0.1100906003220324,
          0.2992572783395282,
          0.8134656217444501,
          0.2992572783395282,
          0.1100906003220324
        ],
        [
          0.04050006852469789,
          0.1100906003220324,
          0.2992572783395282,
          0.8134656217444501,
          0.2992572783395282
        ],
        [
          0.014899142576270986,
          0.04050006852469789,
          0.1100906003220324,
          0.2992572783395282,
          0.8134656217444501
        ]
      ]
    },
    {
      "tau": 5.161290322580645,
      "phase": "loading",
      "active_terms": [],
      "provenance_ref": "rydberg-mis",
      "domain": "amo",
      "atom_positions": [
        [
          0.0,
          0.0,
          0.0
        ],
        [
          5.0,
          0.0,
          0.0
        ],
        [
          10.0,
          0.0,
          0.0
        ],
        [
          15.0,
          0.0,
          0.0
        ],
        [
          20.0,
          0.0,
          0.0
        ]
      ],
      "blockade_radii": [
        4.049351712346433,
        4.0998506115550715,
        4.058547318984665,
        3.9634158913445527,
        3.9019197244859973
      ],
      "correlations": [
        [
          0.7725453888611077,
          0.28420356593379886,
          0.10455264901465712,
          0.03846277009250601,
          0.014149662367536776
        ],
        [
          0.28420356593379886,
          0.7725453888611077,
          0.28420356593379886,
          0.10455264901465712,
          0.03846277009250601
        ],
        [
          0.10455264901465712,
          0.28420356593379886,
          0.7725453888611077,
          0.28420356593379886,
          0.10455264901465712
        ],
        [
          0.03846277009250601,
          0.10455264901465712,
          0.28420356593379886,
          0.7725453888611077,
          0.28420356593379886
        ],
        [
          0.014149662367536776,
          0.03846277009250601,
          0.10455264901465712,
          0.28420356593379886,
          0.7725453888611077
        ]
      ]
    },
    {
      "tau": 6.193548387096774,
      "phase": "loading",
      "active_terms": [],
      "provenance_ref": "rydberg-mis",
      "domain": "amo",
      "atom_positions": [
        [
          0.0,
          0.0,
          0.0
        ],
        [
          5.0,
          0.0,
          0.0
        ],
        [
          10.0,
          0.0,
          0.0
        ],
        [
          15.0,
          0.0,
          0.0
        ],
        [
          20.0,
          0.0,
          0.0
        ]
      ],
      "blockade_radii": [
        4.058050995677544,
        4.099882126710167,
        4.04988209107549,
        3.9540206909490565,
        3.900432455519613
      ],
      "correlations": [
        [
          0.733683590181335,
          0.26990710915256705,
          0.09929327648324585,
          0.036527955064738,
          0.013437883696351372
        ],
        [
          0.26990710915256705,
          0.733683590181335,
          0.26990710915256705,
          0.09929327648324585,
          0.036527955064738
        ],
        [
          0.09929327648324585,
          0.26990710915256705,
          0.733683590181335,
          0.26990710915256705,
          0.09929327648324585
        ],
        [
          0.036527955064738,
          0.09929327648324585,
          0.26990710915256705,
          0.733683590181335,
          0.26990710915256705
        ],
        [
          0.013437883696351372,
          0.036527955064738,
          0.09929327648324585,
          0.26990710915256705,
          0.733683590181335
        ]
      ]
    },
    {
      "tau": 7.225806451612903,
      "phase": "loading",
      "active_terms": [],
      "provenance_ref": "rydberg-mis",
      "domain": "amo",
      "atom_positions": [
        [
          0.0,
          0.0,
          0.0
        ],
        [
          5.0,
          0.0,
          0.0
        ],
        [
          10.0,
          0.0,
          0.0
        ],
        [
          15.0,
          0.0,
          0.0
        ],
        [
          20.0,
          0.0,
          0.0
        ]
      ],
      "blockade_radii": [
        4.06613226179746,
        4.0988502858852796,
        4.040685813001623,
        3.945114991276514,
        3.900005193456592
      ],
      "correlations": [
        [
          0.6967766790957444,
          0.25632981532703586,
          0.09429846921808896,
          0.03469046815927302,
          0.012761910040409071
        ],
        [
          0.25632981532703586,
          0.6967766790957444,
          0.25632981532703586,
          0.09429846921808896,
          0.03469046815927302
        ],
        [
          0.09429846921808896,
          0.25632981532703586,
          0.6967766790957444,
          0.25632981532703586,
          0.09429846921808896
        ],
        [
          0.03469046815927302,
          0.09429846921808896,
          0.25632981532703586,
          0.6967766790957444,
          0.25632981532703586
        ],
        [
          0.012761910040409071,
          0.03469046815927302,
          0.09429846921808896,
          0.25632981532703586,
          0.6967766790957444
        ]
      ]
    },
    {
      "tau": 8.258064516129032,
      "phase": "loading",
      "active_terms": [],
      "provenance_ref": "rydberg-mis",
      "domain": "amo",
      "atom_positions": [
        [
          0.0,
          0.0,
          0.0
        ],
        [
          5.0,
          0.0,
          0.0
        ],
        [
          10.0,
          0.0,
          0.0
        ],
        [
          15.0,
          0.0,
          0.0
        ],
        [
          20.0,
          0.0,
          0.0
        ]
      ],
      "blockade_radii": [
        4.073509476668486,
        4.096766074170012,
        4.031056389339244,
        3.9367936033738524,
        3.9006424869753085
      ],
      "correlations": [
        [
          0.661726317760085,
          0.24343550798601632,
          0.08955491863918184,
          0.0329454134231362,
          0.012119940279265481
        ],
        [
          0.24343550798601632,
          0.661726317760085,
          0.24343550798601632,
          0.08955491863918184,
          0.0329454134231362
        ],
        [
          0.08955491863918184,
          0.24343550798601632,
          0.661726317760085,
          0.24343550798601632,
          0.08955491863918184
        ],
        [
          0.0329454134231362,
          0.08955491863918184,
          0.24343550798601632,
          0.661726317760085,
          0.24343550798601632
        ],
        [
          0.012119940279265481,
          0.0329454134231362,
          0.08955491863918184,
          0.24343550798601632,
          0.661726317760085
        ]
      ]
    },
    {
      "tau": 9.29032258064516,
      "phase": "loading",
      "active_terms": [],
      "provenance_ref": "rydberg-mis",
      "domain": "amo",
      "atom_positions": [
        [
          0.0,
          0.0,
          0.0
        ],
        [
          5.0,
          0.0,
          0.0
        ],
        [
          10.0,
          0.0,
          0.0
        ],
        [
          15.0,
          0.0,
          0.0
        ],
        [
          20.0,
          0.0,
          0.0
        ]
      ],
      "blockade_radii": [
        4.080104101659066,
        4.093651680308877,
        4.021096335979559,
        3.9291451176413723,
        3.9023375513796767
      ],
      "correlations": [
        [
          0.628439115075709,
          0.2311898304643276,
          0.08504998563573732,
          0.031288141187314246,
          0.011510263895282346
        ],
        [
          0.2311898304643276,
          0.628439115075709,
          0.2311898304643276,
          0.08504998563573732,
          0.031288141187314246
        ],
        [
          0.08504998563573732,
          0.2311898304643276,
          0.628439115075709,
          0.2311898304643276,
          0.08504998563573732
        ],
        [
          0.031288141187314246,
          0.08504998563573732,
          0.2311898304643276,
          0.628439115075709,
          0.2311898304643276
        ],
        [
          0.011510263895282346,
          0.031288141187314246,
          0.08504998563573732,
          0.2311898304643276,
          0.628439115075709
        ]
      ]
    },
    {
      "tau": 10.32258064516129,
      "phase": "loading",
      "active_terms": [],
      "provenance_ref": "rydberg-mis",
      "domain": "amo",
      "atom_positions": [
        [
          0.0,
          0.0,
          0.0
        ],
        [
          5.0,
          0.0,
          0.0
        ],
        [
          10.0,
          0.0,
          0.0
        ],
        [
          15.0,
          0.0,
          0.0
        ],
        [
          20.0,
          0.0,
          0.0
        ]
      ],
      "blockade_radii": [
        4.085845929674592,
        4.089540260477511,
        4.010911688733474,
        3.922250960689712,
        3.905072340829763
      ],
      "correlations": [
        [
          0.59682637785056,
          0.21956015436004012,
          0.08077166688948717,
          0.02971423567779043,
          0.010931256415982082
        ],
        [
          0.21956015436004012,
          0.59682637785056,
          0.21956015436004012,
          0.08077166688948717,
          0.02971423567779043
        ],
        [
          0.08077166688948717,
          0.21956015436004012,
          0.59682637785056,
          0.21956015436004012,
          0.08077166688948717
        ],
        [
          0.02971423567779043,
          0.08077166688948717,
          0.21956015436004012,
          0.59682637785056,
          0.21956015436004012
        ],
        [
          0.010931256415982082,
          0.02971423567779043,
          0.08077166688948717,
          0.21956015436004012,
          0.59682637785056
        ]
      ]
    },
    {
      "tau": 11.35483870967742,
      "phase": "drive",
      "active_terms": [],
      "provenance_ref": "rydberg-mis",
      "domain": "amo",
      "atom_positions": [
        [
          0.0,
          0.0,
          0.0
        ],
        [
          5.0,
          0.0,
          0.0
        ],
        [
          10.0,
          0.0,
          0.0
        ],
        [
          15.0,
          0.0,
          0.0
        ],
        [
          20.0,
          0.0,
          0.0
        ]
      ],
      "blockade_radii": [
        4.09067383258977,
        4.084475585298428,
        4.000610874462832,
        3.9161845284633006,
        3.9088177404597597
      ],
      "correlations": [
        [
          0.566803874477653,
          0.20851549259664728,
          0.07670856289204263,
          0.028219503249789078,
          0.010381375085668111
        ],
        [
          0.20851549259664728,
          0.566803874477653,
          0.20851549259664728,
          0.07670856289204263,
          0.028219503249789078
        ],
        [
          0.07670856289204263,
          0.20851549259664728,
          0.566803874477653,
          0.20851549259664728,
          0.07670856289204263
        ],
        [
          0.028219503249789078,
          0.07670856289204263,
          0.20851549259664728,
          0.566803874477653,
          0.20851549259664728
        ],
        [
          0.010381375085668111,
          0.028219503249789078,
          0.07670856289204263,
          0.20851549259664728,
          0.566803874477653
        ]
      ]
    },
    {
      "tau": 12.387096774193548,
      "phase": "drive",
      "active_terms": [],
      "provenance_ref": "rydberg-mis",
      "domain": "amo",
      "atom_positions": [
        [
          0.0,
          0.0,
          0.0
        ],
        [
          5.0,
          0.0,
          0.0
        ],
        [
          10.0,
          0.0,
          0.0
        ],
        [
          15.0,
          0.0,
          0.0
        ],
        [
          20.0,
          0.0,
          0.0
        ]
      ],
      "blockade_radii": [
        4.094536412025283,
        4.078511573854206,
        3.990303556756245,
        3.9110104048591543,
        3.9135338763380125
      ],
      "correlations": [
        [
          0.5382916105013731,
          0.19802641685852082,
          0.07284984757109574,
          0.026799961213879456,
          0.009859154754778303
        ],
        [
          0.19802641685852082,
          0.5382916105013731,
          0.19802641685852082,
          0.07284984757109574,
          0.026799961213879456
        ],
        [
          0.07284984757109574,
          0.19802641685852082,
          0.5382916105013731,
          0.19802641685852082,
          0.07284984757109574
        ],
        [
          0.026799961213879456,
          0.07284984757109574,
          0.19802641685852082,
          0.5382916105013731,
          0.19802641685852082
        ],
        [
          0.009859154754778303,
          0.026799961213879456,
          0.07284984757109574,
          0.19802641685852082,
          0.5382916105013731
        ]
      ]
    },
    {
      "tau": 13.419354838709676,
      "phase": "drive",
      "active_terms": [],
      "provenance_ref": "rydberg-mis",
      "domain": "amo",
      "atom_positions": [
        [
          0.0,
          0.0,
          0.0
        ],
        [
          5.0,
          0.0,
          0.0
        ],
        [
          10.0,
          0.0,
          0.0
        ],
        [
          15.0,
          0.0,
          0.0
        ],
        [
          20.0,
          0.0,
          0.0
        ]
      ],
      "blockade_radii": [
        4.097392546540526,
        4.071711719659078,
        3.9800994684386133,
        3.9067836741596844,
        3.91917053996923
      ],
      "correlations": [
        [
          0.5112136154735937,
          0.18806497917965825,
          0.06918523944453162,
          0.02545182722416672,
          0.009363203976018555
        ],
        [
          0.18806497917965825,
          0.5112136154735937,
          0.18806497917965825,
          0.06918523944453162,
          0.02545182722416672
        ],
        [
          0.06918523944453162,
          0.18806497917965825,
          0.5112136154735937,
          0.18806497917965825,
          0.06918523944453162
        ],
        [
          0.02545182722416672,
          0.06918523944453162,
          0.18806497917965825,
          0.5112136154735937,
          0.18806497917965825
        ],
        [
          0.009363203976018555,
          0.02545182722416672,
          0.06918523944453162,
          0.18806497917965825,
          0.5112136154735937
        ]
      ]
    },
    {
      "tau": 14.451612903225806,
      "phase": "drive",
      "active_terms": [],
      "provenance_ref": "rydberg-mis",
      "domain": "amo",
      "atom_positions": [
        [
          0.0,
          0.0,
          0.0
        ],
        [
          5.0,
          0.0,
          0.0
        ],
        [
          10.0,
          0.0,
          0.0
        ],
        [
          15.0,
          0.0,
          0.0
        ],
        [
          20.0,
          0.0,
          0.0
        ]
      ],
      "blockade_radii": [
        4.099211829416935,
        4.0641484147000755,
        3.970107243343538,
        3.9035493345994414,
        3.9256677228195858
      ],
      "correlations": [
        [
          0.4854977405316939,
          0.17860463747679747,
          0.0657049742255923,
          0.024171509200294917,
          0.00889220129687487
        ],
        [
          0.17860463747679747,
          0.4854977405316939,
          0.17860463747679747,
          0.0657049742255923,
          0.024171509200294917
        ],
        [
          0.0657049742255923,
          0.17860463747679747,
          0.4854977405316939,
          0.17860463747679747,
          0.0657049742255923
        ],
        [
          0.024171509200294917,
          0.0657049742255923,
          0.17860463747679747,
          0.4854977405316939,
          0.17860463747679747
        ],
        [
          0.00889220129687487,
          0.024171509200294917,
          0.0657049742255923,
          0.17860463747679747,
          0.4854977405316939
        ]
      ]
    },
    {
      "tau": 15.483870967741936,
      "phase": "drive",
      "active_terms": [],
      "provenance_ref": "rydberg-mis",
      "domain": "amo",
      "atom_positions": [
        [
          0.0,
          0.0,
          0.0
        ],
        [
          5.0,
          0.0,
          0.0
        ],
        [
          10.0,
          0.0,
          0.0
        ],
        [
          15.0,
          0.0,
          0.0
        ],
        [
          20.0,
          0.0,
          0.0
        ]
      ],
      "blockade_radii": [
        4.099974892371219,
        4.055902178744062,
        3.96043325978572,
        3.9013418193090157,
        3.932956255174091
      ],
      "correlations": [
        [
          0.46107546615912726,
          0.16962018482848198,
          0.062399778806098705,
          0.0229555957564092,
          0.00844489173862535
        ],
        [
          0.16962018482848198,
          0.46107546615912726,
          0.16962018482848198,
          0.062399778806098705,
          0.0229555957564092
        ],
        [
          0.062399778806098705,
          0.16962018482848198,
          0.46107546615912726,
          0.16962018482848198,
          0.062399778806098705
        ],
        [
          0.0229555957564092,
          0.062399778806098705,
          0.16962018482848198,
          0.46107546615912726,
          0.16962018482848198
        ],
        [
          0.00844489173862535,
          0.0229555957564092,
          0.062399778806098705,
          0.16962018482848198,
          0.46107546615912726
        ]
      ]
    },
    {
      "tau": 16.516129032258064,
      "phase": "drive",
      "active_terms": [],
      "provenance_ref": "rydberg-mis",
      "domain": "amo",
      "atom_positions": [
        [
          0.0,
          0.0,
          0.0
        ],
        [
          5.0,
          0.0,
          0.0
        ],
        [
          10.0,
          0.0,
          0.0
        ],
        [
          15.0,
          0.0,
          0.0
        ],
        [
          20.0,
          0.0,
          0.0
        ]
      ],
      "blockade_radii": [
        4.099673611752208,
        4.047060802115544,
        3.951180508045857,
        3.9001846297361866,
        3.940958542524902
      ],
      "correlations": [
        [
          0.4378817196163209,
          0.16108768231164233,
          0.059260846548409817,
          0.021800847111575598,
          0.00802008345247048
        ],
        [
          0.16108768231164233,
          0.4378817196163209,
          0.16108768231164233,
          0.059260846548409817,
          0.021800847111575598
        ],
        [
          0.059260846548409817,
          0.16108768231164233,
          0.4378817196163209,
          0.16108768231164233,
          0.059260846548409817
        ],
        [
          0.021800847111575598,
          0.059260846548409817,
          0.16108768231164233,
          0.4378817196163209,
          0.16108768231164233
        ],
        [
          0.00802008345247048,
          0.021800847111575598,
          0.059260846548409817,
          0.16108768231164233,
          0.4378817196163209
        ]
      ]
    },
    {
      "tau": 17.548387096774192,
      "phase": "drive",
      "active_terms": [],
      "provenance_ref": "rydberg-mis",
      "domain": "amo",
      "atom_positions": [
        [
          0.0,
          0.0,
          0.0
        ],
        [
          5.0,
          0.0,
          0.0
        ],
        [
          10.0,
          0.0,
          0.0
        ],
        [
          15.0,
          0.0,
          0.0
        ],
        [
          20.0,
          0.0,
          0.0
        ]
      ],
      "blockade_radii": [
        4.098311195026127,
        4.037718411071328,
        3.9424474939249152,
        3.900090085446955,
        3.949589391650887
      ],
      "correlations": [
        [
          0.4158547015554552,
          0.15298439521673776,
          0.05627981382028457,
          0.020704186457439103,
          0.007616644543872044
        ],
        [
          0.15298439521673776,
          0.4158547015554552,
          0.15298439521673776,
          0.05627981382028457,
          0.020704186457439103
        ],
        [
          0.05627981382028457,
          0.15298439521673776,
          0.4158547015554552,
          0.15298439521673776,
          0.05627981382028457
        ],
        [
          0.020704186457439103,
          0.05627981382028457,
          0.15298439521673776,
          0.4158547015554552,
          0.15298439521673776
        ],
        [
          0.007616644543872044,
          0.020704186457439103,
          0.05627981382028457,
          0.15298439521673776,
          0.4158547015554552
        ]
      ]
    },
    {
      "tau": 18.58064516129032,
      "phase": "drive",
      "active_terms": [],
      "provenance_ref": "rydberg-mis",
      "domain": "amo",
      "atom_positions": [
        [
          0.0,
          0.0,
          0.0
        ],
        [
          5.0,
          0.0,
          0.0
        ],
        [
          10.0,
          0.0,
          0.0
        ],
        [
          15.0,
          0.0,
          0.0
        ],
        [
          20.0,
          0.0,
          0.0
        ]
      ],
      "blockade_radii": [
        4.095902146629561,
        4.027974465722161,
        3.9343271900406656,
        3.9010591929701017,
        3.958756917593917
      ],
      "correlations": [
        [
          0.3949357213571402,
          0.1452887324715052,
          0.05344873771012453,
          0.01966269176011961,
          0.007233500056639125
        ],
        [
          0.1452887324715052,
          0.3949357213571402,
          0.1452887324715052,
          0.05344873771012453,
          0.01966269176011961
        ],
        [
          0.05344873771012453,
          0.1452887324715052,
          0.3949357213571402,
          0.1452887324715052,
          0.05344873771012453
        ],
        [
          0.01966269176011961,
          0.05344873771012453,
          0.1452887324715052,
          0.3949357213571402,
          0.1452887324715052
        ],
        [
          0.007233500056639125,
          0.01966269176011961,
          0.05344873771012453,
          0.1452887324715052,
          0.3949357213571402
        ]
      ]
    },
    {
      "tau": 19.612903225806452,
      "phase": "drive",
      "active_terms": [],
      "provenance_ref": "rydberg-mis",
      "domain": "amo",
      "atom_positions": [
        [
          0.0,
          0.0,
          0.0
        ],
        [
          5.0,
          0.0,
          0.0
        ],
        [
          10.0,
          0.0,
          0.0
        ],
        [
          15.0,
          0.0,
          0.0
        ],
        [
          20.0,
          0.0,
          0.0
        ]
      ],
      "blockade_radii": [
        4.092472113553646,
        4.017932701169577,
        3.9269060460310863,
        3.903081635081576,
        3.968363521876125
      ],
      "correlations": [
        [
          0.37506904075024666,
          0.13798018911190965,
          0.05076007486321927,
          0.018673587974501683,
          0.006869629108725444
        ],
        [
          0.13798018911190965,
          0.37506904075024666,
          0.13798018911190965,
          0.05076007486321927,
          0.018673587974501683
        ],
        [
          0.05076007486321927,
          0.13798018911190965,
          0.37506904075024666,
          0.13798018911190965,
          0.05076007486321927
        ],
        [
          0.018673587974501683,
          0.05076007486321927,
          0.13798018911190965,
          0.37506904075024666,
          0.13798018911190965
        ],
        [
          0.006869629108725444,
          0.018673587974501683,
          0.05076007486321927,
          0.13798018911190965,
          0.37506904075024666
        ]
      ]
    },
    {
      "tau": 20.64516129032258,
      "phase": "drive",
      "active_terms": [],
      "provenance_ref": "rydberg-mis",
      "domain": "amo",
      "atom_positions": [
        [
          0.0,
          0.0,
          0.0
        ],
        [
          5.0,
          0.0,
          0.0
        ],
        [
          10.0,
          0.0,
          0.0
        ],
        [
          15.0,
          0.0,
          0.0
        ],
        [
          20.0,
          0.0,
          0.0
        ]
      ],
      "blockade_radii": [
        4.08805761230342,
        4.007700023130726,
        3.920263068202119,
        3.9061358806427826,
        3.9783069315439077
      ],
      "correlations": [
        [
          0.3562017252982195,
          0.13103929164701258,
          0.04820666138260464,
          0.017734239650173546,
          0.006524062172106279
        ],
        [
          0.13103929164701258,
          0.3562017252982195,
          0.13103929164701258,
          0.04820666138260464,
          0.017734239650173546
        ],
        [
          0.04820666138260464,
          0.13103929164701258,
          0.3562017252982195,
          0.13103929164701258,
          0.04820666138260464
        ],
        [
          0.017734239650173546,
          0.04820666138260464,
          0.13103929164701258,
          0.3562017252982195,
          0.13103929164701258
        ],
        [
          0.006524062172106279,
          0.017734239650173546,
          0.04820666138260464,
          0.13103929164701258,
          0.3562017252982195
        ]
      ]
    },
    {
      "tau": 21.677419354838708,
      "phase": "measurement",
      "active_terms": [],
      "provenance_ref": "rydberg-mis",
      "domain": "amo",
      "atom_positions": [
        [
          0.0,
          0.0,
          0.0
        ],
        [
          5.0,
          0.0,
          0.0
        ],
        [
          10.0,
          0.0,
          0.0
        ],
        [
          15.0,
          0.0,
          0.0
        ],
        [
          20.0,
          0.0,
          0.0
        ]
      ],
      "blockade_radii": [
        4.082705640139126,
        3.9973853698084914,
        3.9144689784179443,
        3.9101894138234243,
        3.9884812879769096
      ],
      "correlations": [
        [
          0.33828350335616114,
          0.12444754617218227,
          0.04578169374097968,
          0.016842143909313722,
          0.006195878489487343
        ],
        [
          0.12444754617218227,
          0.33828350335616114,
          0.12444754617218227,
          0.04578169374097968,
          0.016842143909313722
        ],
        [
          0.04578169374097968,
          0.12444754617218227,
          0.33828350335616114,
          0.12444754617218227,
          0.04578169374097968
        ],
        [
          0.016842143909313722,
          0.04578169374097968,
          0.12444754617218227,
          0.33828350335616114,
          0.12444754617218227
        ],
        [
          0.006195878489487343,
          0.016842143909313722,
          0.04578169374097968,
          0.12444754617218227,
          0.33828350335616114
        ]
      ]
    },
    {
      "tau": 22.70967741935484,
      "phase": "measurement",
      "active_terms": [],
      "provenance_ref": "rydberg-mis",
      "domain": "amo",
      "atom_positions": [
        [
          0.0,
          0.0,
          0.0
        ],
        [
          5.0,
          0.0,
          0.0
        ],
        [
          10.0,
          0.0,
          0.0
        ],
        [
          15.0,
          0.0,
          0.0
        ],
        [
          20.0,
          0.0,
          0.0
        ]
      ],
      "blockade_radii": [
        4.076473174738287,
        3.9870985521235336,
        3.9095854611883287,
        3.9151990802685654,
        3.998778273870405
      ],
      "correlations": [
        [
          0.321266632122879,
          0.11818738909239604,
          0.04347871065282247,
          0.015994923777815168,
          0.005884203620962459
        ],
        [
          0.11818738909239604,
          0.321266632122879,
          0.11818738909239604,
          0.04347871065282247,
          0.015994923777815168
        ],
        [
          0.04347871065282247,
          0.11818738909239604,
          0.321266632122879,
          0.11818738909239604,
          0.04347871065282247
        ],
        [
          0.015994923777815168,
          0.04347871065282247,
          0.11818738909239604,
          0.321266632122879,
          0.11818738909239604
        ],
        [
          0.005884203620962459,
          0.015994923777815168,
          0.04347871065282247,
          0.11818738909239604,
          0.321266632122879
        ]
      ]
    },
    {
      "tau": 23.741935483870968,
      "phase": "measurement",
      "active_terms": [],
      "provenance_ref": "rydberg-mis",
      "domain": "amo",
      "atom_positions": [
        [
          0.0,
          0.0,
          0.0
        ],
        [
          5.0,
          0.0,
          0.0
        ],
        [
          10.0,
          0.0,
          0.0
        ],
        [
          15.0,
          0.0,
          0.0
        ],
        [
          20.0,
          0.0,
          0.0
        ]
      ],
      "blockade_radii": [
        4.069426567605141,
        3.976949084655294,
        3.9056645069686273,
        3.921111546524589,
        4.009088266393101
      ],
      "correlations": [
        [
          0.3051057704309939,
          0.11224214032433638,
          0.04129157585840348,
          0.01519032185187769,
          0.005588207114083113
        ],
        [
          0.11224214032433638,
          0.3051057704309939,
          0.11224214032433638,
          0.04129157585840348,
          0.01519032185187769
        ],
        [
          0.04129157585840348,
          0.11224214032433638,
          0.3051057704309939,
          0.11224214032433638,
          0.04129157585840348
        ],
        [
          0.01519032185187769,
          0.04129157585840348,
          0.11224214032433638,
          0.3051057704309939,
          0.11224214032433638
        ],
        [
          0.005588207114083113,
          0.01519032185187769,
          0.04129157585840348,
          0.11224214032433638,
          0.3051057704309939
        ]
      ]
    },
    {
      "tau": 24.774193548387096,
      "phase": "measurement",
      "active_terms": [],
      "provenance_ref": "rydberg-mis",
      "domain": "amo",
      "atom_positions": [
        [
          0.0,
          0.0,
          0.0
        ],
        [
          5.0,
          0.0,
          0.0
        ],
        [
          10.0,
          0.0,
          0.0
        ],
        [
          15.0,
          0.0,
          0.0
        ],
        [
          20.0,
          0.0,
          0.0
        ]
      ],
      "blockade_radii": [
        4.061640837685325,
        3.967045019737873,
        3.9027478586637425,
        3.9278638678329387,
        4.019301504243713
      ],
      "correlations": [
        [
          0.28975785793616193,
          0.10659595885258942,
          0.039214461773824656,
          0.014426194283193508,
          0.005307100291131884
        ],
        [
          0.10659595885258942,
          0.28975785793616193,
          0.10659595885258942,
          0.039214461773824656,
          0.014426194283193508
        ],
        [
          0.039214461773824656,
          0.10659595885258942,
          0.28975785793616193,
          0.10659595885258942,
          0.039214461773824656
        ],
        [
          0.014426194283193508,
          0.039214461773824656,
          0.10659595885258942,
          0.28975785793616193,
          0.10659595885258942
        ],
        [
          0.005307100291131884,
          0.014426194283193508,
          0.039214461773824656,
          0.10659595885258942,
          0.28975785793616193
        ]
      ]
    },
    {
      "tau": 25.806451612903224,
      "phase": "measurement",
      "active_terms": [],
      "provenance_ref": "rydberg-mis",
      "domain": "amo",
      "atom_positions": [
